EXTRACTED INFO

confusion_matrix
[[42278    63   413   592    78   137    20]
 [    0 43325  1593     0   512   933    16]
 [    0   758 43507     0  1291   595    11]
 [ 4029    57   752 40840     0   736     0]
 [    0  1256   555     0 42359     0     0]
 [  674   925  4628  2142    17 34141  1663]
 [   24   191  1769   103    20  7757 32998]]

score means
[ 0.87759668  0.88917197  0.90127389  0.88878236  0.89267516  0.89235669
  0.8888535   0.89267516  0.89235669  0.88853503  0.89490446  0.89299363
  0.89203822  0.89745223  0.88248408  0.89235669  0.88980892  0.88949045
  0.89235669  0.88686481  0.8888535   0.89235669  0.88630573  0.88598726
  0.8933121   0.89203822  0.89681529  0.88535032  0.89840764  0.89267516
  0.89613295  0.89133909  0.88630573  0.89363057  0.88694268  0.88407643
  0.89904459  0.88910195  0.8910195   0.8866242   0.89165868  0.8942154
  0.88980892  0.88312102  0.88949045  0.89840764  0.88821656  0.88878236
  0.89012739  0.89394904  0.88821656  0.89325663  0.88535032  0.8977707
  0.89267516  0.89617834  0.89394904  0.89617834  0.89044586  0.88398849
  0.89872611  0.88974113  0.89235669  0.89394904  0.88630573  0.88566879
  0.89171975  0.89299363  0.8836689   0.88630573  0.87929936  0.88878236
  0.89485459  0.89936306  0.8888535   0.88566879  0.8888535   0.88280255
  0.8910828   0.88535032  0.89076433  0.88726115  0.89325663  0.88726115
  0.89490446  0.89235669  0.89171975  0.88471338  0.89808917  0.89613295
  0.89585987  0.88271013  0.90028763  0.89044586  0.89485459  0.87983381
  0.89426752  0.88789809  0.88630573  0.89235669]
average score
0.8906475970630204
score std
0.00480085068243239

execution times
[ 11.20315766  11.39219379  11.39986229  11.39578652  11.33845019
  11.3195734   11.45124841  11.33665419  11.36742687  11.40986681
  11.38209558  11.45575428  11.37245393  11.36460185  11.26295447
  11.33346701  11.32258511  11.27982378  11.50579047  11.30948877
  11.30772233  11.23590732  11.2549572   11.20908499  11.24271131
  11.33364511  11.3971951   11.23560953  11.39706421  11.35248613
  11.48699808  11.30613899  11.22503757  11.3264606   11.2055409
  11.43521905  11.35488486  11.18002033  11.2686255   11.19126916
  11.46451855  11.29969335  11.53954649  11.3443687   11.24815512
  11.28167272  11.35766315  11.21410322  11.41384935  11.32743382
  11.21911383  11.30169272  11.21588039  11.30550313  11.3577528
  11.27971649  11.32671261  11.2545929   11.37837172  11.37385035
  11.39637804  11.30166197  11.36664224  11.42329144  11.29519963
  11.30979037  11.30416679  11.27077651  11.2914443   11.21164799
  11.1632936   11.23337698  11.27607179  11.34314704  11.25221181
  11.28630686  11.20369482  11.06257176  11.41230106  11.2276516
  11.31991506  11.36485004  11.28607845  11.29648376  11.41135359
  11.30774307  11.3727057   11.30207491  11.34370112  11.34437346
  11.41147113  11.24342775  11.38931489  11.38791895  11.3344481
  11.20179009  11.26430511  11.17737484  11.23803258  11.29288721]
average time
11.315758814811707
time std
0.08175046603941168

                      precision    recall  f1-score   support

       AddToPlaylist       0.90      0.97      0.93     43581
      BookRestaurant       0.93      0.93      0.93     46379
          GetWeather       0.82      0.94      0.88     46162
           PlayMusic       0.94      0.88      0.91     46414
            RateBook       0.96      0.96      0.96     44170
  SearchCreativeWork       0.77      0.77      0.77     44190
SearchScreeningEvent       0.95      0.77      0.85     42862

         avg / total       0.89      0.89      0.89    313758
