EXTRACTED INFO

confusion_matrix
[[42529    37   321   271    34   309    44]
 [    3 43976   597     0   378  1389    48]
 [    0   340 43503    38   909  1501    91]
 [ 3441    43   568 41109    15   995   116]
 [    0   577   223     0 43105    17     0]
 [  535   908  2919  2252    89 35747  1996]
 [    0   156  1390    90    49  4969 36109]]

score means
[ 0.91339086  0.91210191  0.90796178  0.90955414  0.91974522  0.91019495
  0.90796178  0.92138063  0.91464968  0.91082803  0.91624204  0.91242038
  0.91242038  0.91464968  0.9111465   0.91624204  0.90828025  0.91878981
  0.91210191  0.90828025  0.91946309  0.91019108  0.90286624  0.91273885
  0.90987261  0.90382166  0.90028763  0.91242038  0.91210191  0.91942675
  0.9111465   0.9156051   0.90796178  0.9066879   0.91466922  0.90700637
  0.91656051  0.91786513  0.90700637  0.91783439  0.90923567  0.90955414
  0.9089172   0.91464968  0.91051454  0.9082774   0.91530841  0.9089172
  0.91307127  0.90350318  0.91594759  0.91433121  0.9121125   0.91690636
  0.91242038  0.91082803  0.90605096  0.90541401  0.91051454  0.91273885
  0.91594759  0.92356688  0.91083413  0.9022293   0.91815287  0.91751592
  0.90763822  0.91178344  0.91082803  0.9044586   0.92420382  0.91401274
  0.91305732  0.9066879   0.908597    0.9066879   0.91878981  0.90573248
  0.91722595  0.90987536  0.91433121  0.91082803  0.90828025  0.91626718
  0.91305732  0.90923567  0.91147331  0.91050955  0.90731863  0.91146497
  0.91815287  0.91082803  0.91751592  0.9066879   0.91464968  0.91687898
  0.90700637  0.9066879   0.91050955  0.91178344]
average score
0.9118438085874285
score std
0.004671962807323361

execution times
[ 5.3093009   5.27658391  5.26108217  5.29042959  5.37648034  5.38146853
  5.36117673  5.34425759  5.25809669  5.34863448  5.36864376  5.32791972
  5.3085196   5.31558204  5.33955526  5.32258987  5.37847424  5.31607032
  5.29067755  5.25310588  5.43034506  5.35048962  5.30438209  5.33789849
  5.34927583  5.29197001  5.23379827  5.29212785  5.36745906  5.35987043
  5.33865356  5.28215313  5.38997054  5.28759408  5.31432104  5.36472368
  5.33620238  5.41999364  5.26658487  5.30403566  5.28870368  5.32191443
  5.37049079  5.35797548  5.33706045  5.32995605  5.38935804  5.37378192
  5.36818719  5.27641129  5.37885785  5.29655147  5.37059712  5.29063606
  5.32655191  5.31662464  5.28462172  5.26088309  5.24787188  5.33866811
  5.35708117  5.42567062  5.31822324  5.27634215  5.35307145  5.41602349
  5.29775548  5.34672999  5.30825472  5.30716753  5.39240289  5.34265065
  5.32104278  5.3435986   5.2620194   5.32058716  5.3787992   5.28473735
  5.3858614   5.29183841  5.31238198  5.32555795  5.2996068   5.33128095
  5.33607459  5.29487109  5.34401011  5.32544518  5.35280252  5.30377483
  5.31576943  5.32608438  5.272861    5.28411579  5.36057901  5.42696404
  5.27798748  5.30057096  5.38518238  5.29030967]
average time
5.327722895145416
time std
0.04298469433225712

                      precision    recall  f1-score   support

       AddToPlaylist       0.91      0.98      0.94     43545
      BookRestaurant       0.96      0.95      0.95     46391
          GetWeather       0.88      0.94      0.91     46382
           PlayMusic       0.94      0.89      0.91     46287
            RateBook       0.97      0.98      0.97     43922
  SearchCreativeWork       0.80      0.80      0.80     44446
SearchScreeningEvent       0.94      0.84      0.89     42763

         avg / total       0.91      0.91      0.91    313736
