EXTRACTED INFO

confusion_matrix
[[42601    41   214   622    17   401    34]
 [    0 44352   518     0   426   778   200]
 [    0   372 44300     0   849   647    34]
 [ 1296    32   529 43410    14   886   116]
 [    0   489   169     0 43470    21     0]
 [  249   944  2417  2485    82 37239   751]
 [   15   230  1350   123    42  3324 37625]]

score means
[ 0.93184713  0.93598726  0.93312102  0.93853503  0.92993631  0.92738854
  0.93566879  0.93789809  0.936721    0.93256632  0.92809204  0.93256632
  0.93288591  0.93121019  0.93216561  0.93789809  0.93448386  0.93184713
  0.93598726  0.93280255  0.92675159  0.93535032  0.92802548  0.93057325
  0.93503185  0.93704059  0.9366242   0.93288591  0.94311282  0.93152866
  0.93248408  0.936721    0.9343949   0.93608182  0.93248408  0.93121019
  0.93312102  0.93535032  0.92929936  0.93503185  0.93757962  0.92929936
  0.93789809  0.93757962  0.93256632  0.94617834  0.93152866  0.93343949
  0.93128795  0.94076433  0.93312102  0.94490446  0.92961783  0.92969
  0.93512304  0.92866242  0.93025478  0.93407643  0.9366242   0.9261745
  0.94044586  0.94044586  0.93535032  0.93375796  0.93821656  0.92961783
  0.93917197  0.94012739  0.93598726  0.93566879  0.93895813  0.93471338
  0.9366242   0.93256632  0.93726115  0.93407643  0.92993631  0.93248408
  0.93057325  0.92393736  0.9410828   0.93121019  0.93375796  0.93184713
  0.93535032  0.9332055   0.93224672  0.93312102  0.93312102  0.93025478
  0.92745286  0.93949045  0.93256632  0.93343949  0.92713327  0.93598726
  0.93343949  0.93694268  0.93224672  0.9332055 ]
average score
0.9339610404414834
score std
0.003982732881215213

execution times
[ 3.28382969  3.29801106  3.27792716  3.30598998  3.27028704  3.30927467
  3.2839582   3.30995965  3.30146956  3.26619267  3.28002906  3.26444507
  3.33122182  3.31426358  3.29202056  3.32433534  3.29775834  3.30917311
  3.31404638  3.31963873  3.29108071  3.28451729  3.29936171  3.27680612
  3.29874587  3.30610418  3.35551262  3.2852881   3.31591916  3.28756189
  3.29268575  3.29009128  3.28635836  3.30625176  3.28178644  3.3001709
  3.30926609  3.27052498  3.26250267  3.31064272  3.30400896  3.30025411
  3.30947113  3.35136676  3.27893209  3.34124398  3.2834177   3.28553057
  3.31028986  3.32725549  3.27961397  3.33418179  3.26183295  3.25299025
  3.26353383  3.28934884  3.25576019  3.30120993  3.33029461  3.2627337
  3.36246872  3.3670752   3.3305006   3.27823424  3.30276918  3.3115344
  3.35400271  3.33790994  3.31764531  3.2874608   3.31633592  3.29896116
  3.27454901  3.26712894  3.32313085  3.26808     3.27152514  3.30440903
  3.27362299  3.27104402  3.32321692  3.27590585  3.31144142  3.27384305
  3.32785845  3.26876974  3.28022957  3.33280873  3.26907873  3.3255527
  3.25437641  3.32016969  3.26132178  3.32721519  3.2790978   3.31105995
  3.29853797  3.29604292  3.28790069  3.30078959]
average time
3.298318862915039
time std
0.025496390843394855

                      precision    recall  f1-score   support

       AddToPlaylist       0.96      0.97      0.97     43930
      BookRestaurant       0.95      0.96      0.96     46274
          GetWeather       0.90      0.96      0.93     46202
           PlayMusic       0.93      0.94      0.93     46283
            RateBook       0.97      0.98      0.98     44149
  SearchCreativeWork       0.86      0.84      0.85     44167
SearchScreeningEvent       0.97      0.88      0.92     42709

         avg / total       0.93      0.93      0.93    313714
