EXTRACTED INFO

confusion_matrix
[[42517     0   308   267    27   241    46]
 [    0 44283   833     4   249   687   145]
 [    2   404 45186     0   907   379    57]
 [  980     0   519 43559     4  1049   125]
 [   21   608   192     0 43130    26     0]
 [  217   801  2618  2123    94 36753  1596]
 [   15   263  1450   113    60  3000 37977]]

score means
[ 0.94458599  0.9366242   0.93726115  0.93375796  0.94694791  0.93917197
  0.93152866  0.93248408  0.93089172  0.9388535   0.93343949  0.93384468
  0.93160754  0.93025478  0.93853503  0.93184713  0.93407643  0.9366242
  0.93917197  0.93312102  0.93503185  0.93566879  0.93280255  0.93375796
  0.93566879  0.93821656  0.93757962  0.9343949   0.9366242   0.93503185
  0.92834395  0.93057325  0.93789809  0.93352509  0.92579618  0.93512304
  0.94044586  0.92993631  0.92937041  0.93694268  0.93128795  0.92777245
  0.93216561  0.93726115  0.93152866  0.9343949   0.9410828   0.93407643
  0.93152866  0.94044586  0.93598726  0.93152866  0.9388535   0.93312102
  0.93535032  0.92675159  0.93512304  0.94076433  0.92643312  0.93789809
  0.94044586  0.92579618  0.93312102  0.92961783  0.93757962  0.93416427
  0.93980892  0.93726115  0.93821656  0.94044586  0.9366242   0.93248408
  0.9388535   0.92841163  0.93248408  0.92993631  0.94012739  0.93312102
  0.92866242  0.93375796  0.93448386  0.93248408  0.94151486  0.94267516
  0.9366242   0.93503185  0.93280255  0.94471077  0.93630573  0.93025478
  0.93089172  0.9433121   0.93343949  0.92611465  0.93375796  0.94171975
  0.94055609  0.93312102  0.93375796  0.93503185]
average score
0.9349022703169243
score std
0.004399142278872057

execution times
[ 3.6456809   3.23553395  3.23541331  3.21367741  3.26028371  3.25863218
  3.22889781  3.2332859   3.21999383  3.27116132  3.20044875  3.25165486
  3.23250556  3.22190595  3.22875619  3.23106909  3.22343922  3.23252749
  3.2469182   3.24027038  3.23368096  3.229568    3.21072531  3.24234319
  3.26748395  3.2387464   3.22276092  3.17505884  3.27519155  3.23971391
  3.20557451  3.20987344  3.21375132  3.20126367  3.18169308  3.23085976
  3.28748393  3.25136757  3.24334741  3.27424955  3.23345828  3.17045069
  3.25670552  3.24561977  3.24063301  3.22694492  3.25371838  3.24347496
  3.22685194  3.25296164  3.25888181  3.27258062  3.27207875  3.26145148
  3.25039911  3.22756433  3.23336506  3.28718424  3.19416094  3.24412298
  3.26613617  3.18378067  3.25389075  3.25972939  3.2485764   3.26864195
  3.2734859   3.22428346  3.24393582  3.25610209  3.20619512  3.2106185
  3.23133183  3.24805021  3.1886034   3.22168779  3.27813649  3.23753905
  3.20727062  3.2462008   3.2522707   3.19162536  3.27498221  3.25747252
  3.22806692  3.25997996  3.22094417  3.29003477  3.24441361  3.22121263
  3.24182796  3.23304439  3.22404122  3.22311401  3.20777202  3.26873922
  3.24329019  3.31163287  3.24263024  3.23571301]
average time
3.242264060974121
time std
0.04818301274784808

                      precision    recall  f1-score   support

       AddToPlaylist       0.97      0.98      0.98     43406
      BookRestaurant       0.96      0.96      0.96     46201
          GetWeather       0.88      0.96      0.92     46935
           PlayMusic       0.95      0.94      0.94     46236
            RateBook       0.97      0.98      0.98     43977
  SearchCreativeWork       0.87      0.83      0.85     44202
SearchScreeningEvent       0.95      0.89      0.92     42878

         avg / total       0.94      0.93      0.93    313835
