EXTRACTED INFO

confusion_matrix
[[42487    41   498   424    65   275    13]
 [    0 43655  1185     0   264  1093    11]
 [    0   329 43746     0  1121  1147    94]
 [ 2561    19   738 41880    18  1200     0]
 [    0   788  1098     0 42351     0     0]
 [  356   756  4016  2443    22 34747  1451]
 [   15   207  1969    92    34  7081 33545]]

score means
[ 0.8955414   0.89485459  0.90348354  0.89235669  0.90414013  0.8955414
  0.908597    0.90318471  0.89808917  0.90286624  0.89808917  0.89617834
  0.89968153  0.8977707   0.90477707  0.90220518  0.8933121   0.8977707
  0.89585987  0.89394904  0.89968153  0.88949045  0.90350318  0.9
  0.9047619   0.90796178  0.89681529  0.90382166  0.88853503  0.8980505
  0.90063694  0.89261745  0.8955414   0.89235669  0.89617834  0.89267516
  0.8910828   0.89617834  0.90605096  0.89713376  0.90573248  0.90060722
  0.90127389  0.89044586  0.90541401  0.89932886  0.90414013  0.89522293
  0.89808917  0.90382166  0.89299363  0.90796178  0.89840764  0.90477707
  0.89267516  0.90573248  0.90350318  0.89936306  0.90159236  0.89299363
  0.90636943  0.90031847  0.89426752  0.90286624  0.90573248  0.9
  0.89522293  0.90318471  0.89808917  0.90414013  0.89713376  0.90159236
  0.89613295  0.89968153  0.90127389  0.90573248  0.90159236  0.90380313
  0.91401274  0.88630573  0.90541401  0.90764331  0.8910195   0.8977707
  0.90605096  0.90095541  0.90284436  0.90573248  0.89681529  0.90795781
  0.89745223  0.90350318  0.90923618  0.9         0.89299363  0.90509554
  0.90541401  0.90382166  0.89522293  0.89936306]
average score
0.8998715621075085
score std
0.0053064452859458025

execution times
[ 11.27702427  11.30005074  11.37912893  11.28623796  11.41004491
  11.38416243  11.37419558  11.39221382  11.34612799  11.24574184
  11.30834961  11.31236815  11.45162416  11.59404945  11.43968248
  11.44270682  11.27635694  11.33341336  11.31916118  11.47773886
  11.41220379  11.16459513  11.47092509  11.41262484  11.43700933
  11.40525126  11.46916032  11.36131883  11.27878118  11.40026975
  11.42074323  11.39113712  11.37187958  11.15805006  11.34294105
  11.25698853  11.28320694  11.19223189  11.38405204  11.45165086
  11.36440325  11.33760643  11.47195601  11.39395928  11.3865509
  11.32961965  11.34361601  11.26602244  11.44592476  11.45404053
  11.30750299  11.42564225  11.42355919  11.34631228  11.26535296
  11.399225    11.42041039  11.2712512   11.31237912  11.46327424
  11.39655447  11.31165266  11.24143362  11.32050562  11.46336007
  11.41548395  11.23494315  11.17044616  11.34597421  11.40528822
  11.35224962  11.43034482  11.29131913  11.44817042  11.40000677
  11.33767629  11.44014478  11.40019131  11.48262477  11.17787528
  11.32818127  11.45652699  11.25765157  11.33134413  11.45338798
  11.21943545  11.4339242   11.43346643  11.21335983  11.30256009
  11.33013558  11.34911036  11.39656377  11.44766569  11.20835137
  11.29061747  11.41395903  11.39538145  11.26842189  11.36182523]
average time
11.35802124261856
time std
0.084136777674313

                      precision    recall  f1-score   support

       AddToPlaylist       0.94      0.97      0.95     43803
      BookRestaurant       0.95      0.94      0.95     46208
          GetWeather       0.82      0.94      0.88     46437
           PlayMusic       0.93      0.90      0.92     46416
            RateBook       0.97      0.96      0.96     44237
  SearchCreativeWork       0.76      0.79      0.78     43791
SearchScreeningEvent       0.96      0.78      0.86     42943

         avg / total       0.90      0.90      0.90    313835
