EXTRACTED INFO

confusion_matrix
[[41857    70   399   891    34   101   145]
 [   50 44166   619   188   467   769   213]
 [    0   333 44289   161   912   767   115]
 [ 2714    84   669 41810    13   666   179]
 [    0   495   232     0 43609     2     0]
 [  456   949  3063  2715    93 35318  1584]
 [   21   199  1344   153    33  3564 37192]]

score means
[ 0.92707006  0.92229299  0.91878981  0.91624204  0.92675159  0.92297859
  0.92261146  0.9156051   0.92006369  0.92420382  0.92165605  0.91592357
  0.92324841  0.91243209  0.91496815  0.92042186  0.91019108  0.91687898
  0.91818472  0.92042186  0.91210191  0.92675159  0.92010227  0.90700637
  0.91974522  0.91530841  0.91815287  0.91594759  0.91273885  0.92165605
  0.91147331  0.91273885  0.92070064  0.91626718  0.91434963  0.91974522
  0.92745286  0.92106104  0.92361777  0.91401274  0.92356688  0.93121019
  0.91466922  0.92133758  0.91305732  0.92834395  0.91626718  0.91719745
  0.91818472  0.92356688  0.91019495  0.91751592  0.91403004  0.91624204
  0.91878981  0.91978268  0.91751592  0.92420382  0.90764331  0.91656051
  0.92261146  0.92585491  0.91815287  0.91910828  0.92165605  0.91371045
  0.92133758  0.92324841  0.91464968  0.91850431  0.91307127  0.92133758
  0.922659    0.91019108  0.92038217  0.91942675  0.92425695  0.91369427
  0.91942675  0.91624204  0.91719745  0.91687898  0.92038217  0.91273885
  0.92547771  0.91978268  0.92643312  0.92452229  0.91974522  0.92292994
  0.91910828  0.91019108  0.91751592  0.93057325  0.91751592  0.92388535
  0.91751592  0.92038217  0.9089172   0.92038217]
average score
0.9188334422385205
score std
0.004966053823194214

execution times
[ 6.04214001  5.69243336  5.67563081  5.68771768  5.71575189  5.70768714
  5.68776131  5.67690778  5.70987606  5.76748633  5.696733    5.67624831
  5.72636223  5.69639206  5.69470453  5.62986732  5.71563601  5.64456439
  5.64945507  5.70369315  5.66932654  5.69750047  5.70799637  5.61523628
  5.68499017  5.64914322  5.66576767  5.64317894  5.72939372  5.709306
  5.6615715   5.70261836  5.65175271  5.68392539  5.64517593  5.69252872
  5.75065064  5.72246361  5.70143747  5.72357297  5.73475361  5.78152776
  5.6787796   5.65022874  5.69980621  5.7258172   5.70143032  5.68293786
  5.72940063  5.6953516   5.65965056  5.62168217  5.64372206  5.69211364
  5.64891529  5.71338129  5.70613265  5.76775765  5.69419909  5.63937593
  5.73890328  5.71673965  5.65007257  5.72206998  5.68312049  5.69323254
  5.74312139  5.7748878   5.6986022   5.75752282  5.66075134  5.71626234
  5.72068071  5.680022    5.67498279  5.66696715  5.78125668  5.66356349
  5.77750754  5.77436495  5.71255469  5.70904231  5.65937805  5.71383405
  5.7056241   5.67942858  5.76189303  5.69970059  5.71918511  5.68352389
  5.68927407  5.6300261   5.67396235  5.76484275  5.70798206  5.71334624
  5.62623358  5.35439205  5.26976633  5.32760024]
average time
5.688677709102631
time std
0.08307666551976081

                      precision    recall  f1-score   support

       AddToPlaylist       0.93      0.96      0.94     43497
      BookRestaurant       0.95      0.95      0.95     46472
          GetWeather       0.88      0.95      0.91     46577
           PlayMusic       0.91      0.91      0.91     46135
            RateBook       0.97      0.98      0.97     44338
  SearchCreativeWork       0.86      0.80      0.83     44178
SearchScreeningEvent       0.94      0.87      0.91     42506

         avg / total       0.92      0.92      0.92    313703
