EXTRACTED INFO

confusion_matrix
[[42288    57   264   437    23   179    24]
 [    0 44127  1150     0   191   772    39]
 [    0   368 44858     0  1011   746    51]
 [ 1461    47   589 42898    22  1183     0]
 [    2   593   649     0 42756    17     0]
 [   71   680  3475  2439    79 35414  1953]
 [   28   232  1989    93    31  4496 35921]]

score means
[ 0.91942675  0.91592357  0.91974522  0.91878981  0.92457654  0.91401274
  0.91339086  0.9089172   0.92170022  0.91592357  0.92961783  0.91690636
  0.91466922  0.91751592  0.92388535  0.92006369  0.92229299  0.91401274
  0.91369427  0.91305732  0.92841163  0.91656051  0.91243209  0.91687898
  0.92042186  0.92515924  0.90955414  0.92324841  0.91974522  0.92165605
  0.90955577  0.91786513  0.91210191  0.9156051   0.91496815  0.91496815
  0.92457654  0.91719745  0.91147331  0.91305732  0.91850431  0.92138063
  0.91818472  0.91592357  0.92133758  0.9111465   0.92361777  0.93694268
  0.92197452  0.92070064  0.92802548  0.90923618  0.91656051  0.92074145
  0.92738854  0.92547771  0.91496815  0.91624204  0.92611465  0.92993631
  0.92101911  0.92229299  0.91082803  0.91882391  0.91783439  0.92006369
  0.92006369  0.91115372  0.91656051  0.91496815  0.91401274  0.92484076
  0.92770701  0.92324841  0.92420382  0.91786513  0.91786513  0.91878981
  0.92038217  0.91528662  0.91754554  0.9156051   0.91656051  0.90859873
  0.91850431  0.92070064  0.91243209  0.92834395  0.92643312  0.92649409
  0.92101911  0.92388535  0.91687898  0.92356688  0.92229299  0.91528662
  0.91910828  0.92197452  0.91786513  0.9111465 ]
average score
0.9189001532815069
score std
0.0053880081480007615

execution times
[ 5.60269523  5.42235136  5.53871799  5.52799034  5.55539131  5.38819766
  5.43102455  5.43174744  5.48397446  5.51016712  5.47597933  5.51099443
  5.49294543  5.51306772  5.53305745  5.50653458  5.49077082  5.47066784
  5.49989676  5.42178679  5.56255531  5.47464514  5.48531699  5.49276733
  5.53590536  5.51497245  5.46006489  5.54886651  5.47487617  5.49191475
  5.42339158  5.48520041  5.46771812  5.52090621  5.51770568  5.48833823
  5.52451086  5.50904584  5.5358305   5.53894114  5.49335194  5.51499963
  5.55960917  5.4462409   5.5063343   5.4808042   5.53831792  5.57003593
  5.52131128  5.51721144  5.57749438  5.46856093  5.49729824  5.51016593
  5.53610611  5.62511587  5.51655698  5.47644186  5.54725885  5.5905633
  5.51122236  5.54387975  5.44821262  5.47157574  5.50641942  5.48711038
  5.50206137  5.53829122  5.48957324  5.46748495  5.48292398  5.50348973
  5.53479767  5.53732538  5.50970507  5.549546    5.48574829  5.48245859
  5.52661705  5.43819237  5.50218916  5.5103085   5.43927145  5.43997622
  5.44183254  5.48200512  5.50800633  5.5789001   5.56405067  5.52816749
  5.55224991  5.52342653  5.55456996  5.52431417  5.54448462  5.51817727
  5.5178175   5.5349803   5.44187188  5.49699736]
average time
5.505754435062409
time std
0.042113740991334386

                      precision    recall  f1-score   support

       AddToPlaylist       0.96      0.98      0.97     43272
      BookRestaurant       0.96      0.95      0.96     46279
          GetWeather       0.85      0.95      0.90     47034
           PlayMusic       0.94      0.93      0.93     46200
            RateBook       0.97      0.97      0.97     44017
  SearchCreativeWork       0.83      0.80      0.81     44111
SearchScreeningEvent       0.95      0.84      0.89     42790

         avg / total       0.92      0.92      0.92    313703
