EXTRACTED INFO

confusion_matrix
[[42706    20   202   814    19   224    20]
 [    0 44741   289     2   353   970    44]
 [    0   329 44143     0  1045   543   159]
 [ 1497    35   476 43224    24   827    96]
 [   22   588   328     0 43221    22     0]
 [  106   879  2744  2401    70 36070  1660]
 [   21   183  1710    90    44  2693 38115]]

score means
[ 0.93184713  0.9433121   0.92707006  0.93630573  0.92738854  0.93863854
  0.92420382  0.92866242  0.92993631  0.93853503  0.94012739  0.92579618
  0.92834395  0.93821656  0.92611465  0.92579618  0.93480345  0.9332055
  0.93448386  0.93853503  0.92356688  0.93853503  0.92452229  0.92993631
  0.93352509  0.93736018  0.92233941  0.92898089  0.92713327  0.93471338
  0.92770701  0.92770701  0.93057325  0.92165605  0.93375796  0.92681368
  0.93096836  0.92993631  0.93640141  0.93280255  0.93152866  0.93160754
  0.9343949   0.93375796  0.93160754  0.93312102  0.93949045  0.93057325
  0.93853503  0.93694268  0.93057325  0.93375796  0.93694268  0.93566879
  0.93535032  0.92547771  0.92547771  0.92802548  0.93216561  0.9366242
  0.92961783  0.92834395  0.93160754  0.92133758  0.93248408  0.94299363
  0.92420382  0.93152866  0.92866242  0.93057325  0.93000959  0.92738854
  0.92675159  0.92961783  0.92197452  0.93757962  0.92905081  0.93032918
  0.92452229  0.93216561  0.93757962  0.93128795  0.93216561  0.93312102
  0.93184713  0.92611465  0.92579618  0.93216561  0.93694268  0.93032918
  0.92770701  0.93789809  0.94012739  0.92929936  0.93895813  0.91847134
  0.92675159  0.93343949  0.92937041  0.93025478]
average score
0.9313225099897608
score std
0.005065362332901821

execution times
[ 3.26189709  3.18438268  3.0529871   3.12049365  3.12419605  3.14656377
  3.09359241  3.08778811  3.15093136  3.14643431  3.16577744  3.11031127
  3.09542441  3.15938282  3.12867284  3.1169343   3.12894297  3.1612761
  3.11988854  3.17678833  3.07671547  3.1739943   3.08406591  3.10735846
  3.12548614  3.14958668  3.0514431   3.13897228  3.10736346  3.15632558
  3.13739085  3.10240459  3.11052394  3.0987699   3.11841249  3.12169051
  3.1296885   3.14914966  3.16963744  3.11351371  3.14134026  3.12668347
  3.17539859  3.18700337  3.17576861  3.15117192  3.17986751  3.12723327
  3.14703274  3.16905379  3.14056683  3.20367718  3.20649576  3.15776706
  3.15159178  3.10565448  3.10612965  3.12187815  3.11791444  3.18961596
  3.10668755  3.0936954   3.11392641  3.09019279  3.08536172  3.16448283
  3.10720825  3.16431451  3.07746863  3.1022594   3.1306293   3.11380625
  3.14593172  3.13520598  3.11966085  3.15715194  3.11410904  3.12688875
  3.11437106  3.1005075   3.15702581  3.12164569  3.14488673  3.14850307
  3.12858725  3.13470387  3.07794833  3.11415648  3.2100513   3.15547085
  3.1169467   3.17215872  3.17384934  3.13631701  3.17599821  3.09362984
  3.1177578   3.15128493  3.1041007   3.09623408]
average time
3.1333211994171144
time std
0.03497327347168852

                      precision    recall  f1-score   support

       AddToPlaylist       0.96      0.97      0.97     44005
      BookRestaurant       0.96      0.96      0.96     46399
          GetWeather       0.88      0.96      0.92     46219
           PlayMusic       0.93      0.94      0.93     46179
            RateBook       0.97      0.98      0.97     44181
  SearchCreativeWork       0.87      0.82      0.85     43930
SearchScreeningEvent       0.95      0.89      0.92     42856

         avg / total       0.93      0.93      0.93    313769
