EXTRACTED INFO

confusion_matrix
[[42469     3   162   703    12   318    44]
 [    0 44158   453     0   374  1067    31]
 [    0   372 44329     0   962   760   242]
 [ 1777    29   503 42862     0  1015   114]
 [    2   519   315     0 43332     0     0]
 [  289   819  3011  2525    85 35480  1708]
 [   19   131  1551    90    44  3245 37878]]

score means
[ 0.92197452  0.92961783  0.92261146  0.92738854  0.93280255  0.92361777
  0.91464968  0.92165605  0.93216561  0.93152866  0.92770701  0.92165605
  0.93057325  0.92101911  0.92579618  0.92038217  0.93121019  0.92452229
  0.92873122  0.92038217  0.92138063  0.92452229  0.93375796  0.91878981
  0.92802548  0.92834395  0.93025478  0.92675159  0.92777245  0.92905081
  0.93288591  0.92515924  0.9133758   0.92738854  0.92388535  0.91974522
  0.92841163  0.92929936  0.92993631  0.92324841  0.92229299  0.92292994
  0.92420382  0.92038217  0.92425695  0.92229299  0.92484076  0.91815287
  0.92873122  0.93057325  0.92738854  0.93089172  0.92802548  0.92675159
  0.9343949   0.92643312  0.93057325  0.92038217  0.93192713  0.92452229
  0.92388535  0.92937041  0.91910828  0.92297859  0.9261745   0.92834395
  0.92388535  0.92834395  0.92738854  0.92738854  0.93089172  0.92802548
  0.92937041  0.93025478  0.92579618  0.92770701  0.92484076  0.92133758
  0.92547771  0.92515924  0.92675159  0.92356688  0.92547771  0.92070064
  0.92229299  0.92866242  0.92070064  0.91974522  0.92457654  0.92229299
  0.92388535  0.93280255  0.92643312  0.92611465  0.93032918  0.92553531
  0.91273885  0.93416427  0.92707006  0.92547771]
average score
0.925769719472451
score std
0.00439099100590106

execution times
[ 3.15783167  3.20571017  3.15298939  3.24341869  3.21352053  3.23262954
  3.15906382  3.18236661  3.22209215  3.19535685  3.20540094  3.21242738
  3.18498659  3.19295835  3.22374201  3.19633818  3.23358011  3.18586206
  3.19353938  3.17112899  3.21607256  3.17693543  3.23245168  3.1965692
  3.20925808  3.23806834  3.20406222  3.19870734  3.21406388  3.18404198
  3.2101872   3.18129277  3.15289402  3.17510486  3.17977095  3.20040679
  3.21127033  3.19688678  3.16974449  3.15508175  3.20057631  3.20450163
  3.19499111  3.15007687  3.22066069  3.15751958  3.23751879  3.17751622
  3.19771528  3.23548698  3.29918909  3.22046924  3.18174911  3.16169643
  3.1866672   3.17522359  3.18760228  3.17662072  3.25171542  3.2099762
  3.212569    3.22109938  3.17674327  3.20125008  3.17366004  3.21028876
  3.19219136  3.22241902  3.22693801  3.17751217  3.2292819   3.24307108
  3.2241776   3.23802614  3.17349029  3.17319846  3.19134164  3.18372416
  3.1877923   3.1959939   3.18524694  3.19627237  3.20434761  3.15895844
  3.20602846  3.23758411  3.18975353  3.15260649  3.21281648  3.18457508
  3.1862843   3.25076866  3.2172544   3.19600797  3.23777604  3.20471835
  3.1406467   3.23764968  3.20019603  3.2330792 ]
average time
3.199826261997223
time std
0.027367485832847482

                      precision    recall  f1-score   support

       AddToPlaylist       0.95      0.97      0.96     43711
      BookRestaurant       0.96      0.96      0.96     46083
          GetWeather       0.88      0.95      0.91     46665
           PlayMusic       0.93      0.93      0.93     46300
            RateBook       0.97      0.98      0.97     44168
  SearchCreativeWork       0.85      0.81      0.83     43917
SearchScreeningEvent       0.95      0.88      0.91     42958

         avg / total       0.93      0.93      0.93    313802
