EXTRACTED INFO

confusion_matrix
[[   0   74  471  860   71  179   14]
 [   4    0 1756    2  552 1038   15]
 [   1  710    0    2 1348  802   27]
 [4164   60  919    0    2  838    1]
 [   0 1683  936    0    0    0    0]
 [ 645  808 4549 2146   11    0 1626]
 [  19  168 1797   99   17 7778    0]]

means
[ 0.89133909  0.84522293  0.88184713  0.89840764  0.8731224   0.87770701
  0.88526686  0.87088527  0.89522293  0.89713376  0.88111218  0.84979227
  0.87408118  0.89006072  0.8871844   0.91369427  0.87229299  0.87770701
  0.84681529  0.89171975  0.88216561  0.85828025  0.86033877  0.87993631
  0.88566879  0.86097795  0.88216561  0.90191083  0.90796178  0.88853503
  0.89581336  0.88271013  0.89964845  0.89363057  0.89745223  0.9089172
  0.90382166  0.88302972  0.90095541  0.90031847  0.86592357  0.86942675
  0.9022293   0.86592357  0.87547771  0.87472036  0.85810163  0.86815287
  0.86624204  0.86687898  0.87070064  0.91019108  0.90573248  0.90444231
  0.89171975  0.90318471  0.88471338  0.85796178  0.87515924  0.86496815
  0.89904459  0.88407643  0.89426752  0.88757962  0.87452229  0.8910828
  0.9         0.87770701  0.90955414  0.89235669  0.90605096  0.89261745
  0.87802548  0.87919463  0.89490446  0.87759668  0.86592357  0.86783439
  0.88558645  0.89872611  0.89363057  0.92133758  0.87280281  0.85874081
  0.87547771  0.90796178  0.89872611  0.88974113  0.89936306  0.87567913
  0.89140127  0.91592357  0.85426654  0.87983381  0.88846277  0.90063694
  0.9044586   0.89171975  0.8955414   0.83248408]

average
0.884615441534

std
0.0171386797633
