EXTRACTED INFO

confusion_matrix
[[   0   38  563  452   57  232    6]
 [   0    0 1451    0  296 1244   29]
 [   0  466    0   12 1486 1635  128]
 [2469   16  670    0   22 1326    0]
 [   1  893 1318    0    0    0    0]
 [ 361  797 3968 2416   24    0 1440]
 [  14  207 1953  113   38 6837    0]]

means
[ 0.86974522  0.8866242   0.89904459  0.89235669  0.9066879   0.8910828
  0.87452229  0.88598726  0.88821656  0.88375796  0.9111465   0.91878981
  0.90828025  0.89267516  0.87056568  0.88789809  0.88630573  0.90605096
  0.89713376  0.88846277  0.91146497  0.91273885  0.91783439  0.88494727
  0.89585987  0.87484076  0.89964845  0.91751592  0.89681529  0.9133758
  0.86815287  0.91083413  0.89426752  0.88526686  0.88057325  0.88057325
  0.87887504  0.90252477  0.85732484  0.91401274  0.90063694  0.88089172
  0.88566879  0.90092681  0.87611465  0.89585987  0.88630573  0.9044586
  0.89197827  0.8611465   0.89261745  0.90923567  0.89389581  0.88535032
  0.89012739  0.88853503  0.88789809  0.91305732  0.89808917  0.9044586
  0.92547771  0.86942675  0.90028763  0.91305732  0.87101911  0.92961783
  0.91273885  0.88814318  0.8910828   0.87961783  0.8888535   0.89426752
  0.92452229  0.92165605  0.90220518  0.90859873  0.90477707  0.90477707
  0.90286624  0.87484076  0.92106104  0.88047299  0.89581336  0.86896772
  0.89904459  0.91369427  0.9066879   0.91050955  0.90764331  0.8955414
  0.89203822  0.88462768  0.89968153  0.90159236  0.88343949  0.88590604
  0.88789809  0.86783439  0.89617834  0.89299363]

average
0.8948949309215415

std
0.015132810707869475