EXTRACTED INFO

confusion_matrix
[[42748    39   372   577    25    76    17]
 [    0 43593  1481     0   209   785     0]
 [    0   417 44358     0  1057   470    15]
 [ 1894    50   764 42994    21   759     0]
 [    0   894  1501     0 41635    21     0]
 [   38   726  4367  2607    24 34578  1712]
 [   28   185  3501   108    19  6907 32285]]

score means
[ 0.90031847  0.90188559  0.90031847  0.90159236  0.91242038  0.8955414
  0.90605096  0.89840764  0.89968153  0.89840764  0.9         0.9022293
  0.89904459  0.89140127  0.89936306  0.90573248  0.90318471  0.89267516
  0.89681529  0.89617834  0.89171975  0.8955414   0.89617834  0.89745223
  0.89649682  0.90636943  0.8980505   0.9047619   0.89872611  0.90220518
  0.89745223  0.89745223  0.90318471  0.8955414   0.9089172   0.90159236
  0.8980505   0.89299363  0.89713376  0.90254777  0.89363057  0.89840764
  0.89808917  0.91082803  0.90127389  0.89426752  0.89713376  0.90284436
  0.89617834  0.89936306  0.90414013  0.90350318  0.90159236  0.89713376
  0.90031847  0.8955414   0.89968153  0.89490446  0.89363057  0.89522293
  0.8955414   0.89649682  0.89585987  0.88853503  0.90284436  0.90254777
  0.90764331  0.90859873  0.8933121   0.90127389  0.90318471  0.89840764
  0.90605096  0.8942154   0.90573248  0.89235669  0.89808917  0.8977707
  0.90028763  0.91019108  0.89293704  0.89581336  0.8955414   0.89936306
  0.8933121   0.9         0.89840764  0.89617834  0.89840764  0.89426752
  0.89426752  0.90127389  0.89840764  0.90891659  0.89522293  0.89267516
  0.89904459  0.90955414  0.89076433  0.89613295]
average score
0.8991072878944248
score std
0.0048400355662967486

execution times
[ 12.27963805  12.17162514  12.29034615  12.27577949  12.37840343
  12.15386939  12.30482197  12.0736208   12.30575013  12.26859713
  12.33013821  12.25101399  12.32790184  12.27041936  12.34572291
  12.31924534  12.27769542  12.32475591  12.28219533  12.16579485
  12.26532435  12.33862853  12.17058325  12.2355392   12.16857409
  12.3584969   12.18627167  12.2583499   12.20259881  12.3339057
  12.32324553  12.2392447   12.3481493   12.19845605  12.37350488
  12.59006906  12.3150897   12.20838332  12.26940107  12.30681324
  12.19598603  12.35986114  12.257828    12.41800261  12.30062175
  12.1867578   12.35154629  12.4678092   12.18938708  12.24703217
  12.31225991  12.3147819   12.23668981  12.27123451  12.29336929
  12.23428321  12.32575297  12.34824777  12.40330648  12.26421285
  12.28951573  12.14854193  12.30492473  12.12787223  12.24260259
  12.20191336  12.28869915  12.299716    12.25535798  12.26803207
  12.19002461  12.31014705  12.47796988  12.25008321  12.13273644
  12.2843883   12.34626412  12.28735781  12.29688621  12.4033587
  12.18744731  12.4063344   12.19236088  12.27019024  12.26041126
  12.33466697  12.2951386   12.260988    12.27936578  12.17375278
  12.22650766  12.27787709  12.20910764  12.32780504  12.27666593
  12.21693945  12.32738018  12.40138078  12.13042116  12.16779256]
average time
12.276958606243134
time std
0.08143328642804397

                      precision    recall  f1-score   support

       AddToPlaylist       0.96      0.97      0.97     43854
      BookRestaurant       0.95      0.95      0.95     46068
          GetWeather       0.79      0.96      0.86     46317
           PlayMusic       0.93      0.92      0.93     46482
            RateBook       0.97      0.95      0.96     44051
  SearchCreativeWork       0.79      0.78      0.79     44052
SearchScreeningEvent       0.95      0.75      0.84     43033

         avg / total       0.90      0.90      0.90    313857
