EXTRACTED INFO

confusion_matrix
[[37311    99   136  5593    45   208    37]
 [  460 43087   910   436   481  1042    29]
 [  330   421 41983  1731   795  1155    25]
 [ 4137     9   415 41268     3   375   118]
 [    0   674   726     0 42925     0     0]
 [  927   669  3170  3717    66 33536  1954]
 [   24   194  1341   374    26  6640 34123]]

score means
[ 0.88471338  0.87070064  0.86719745  0.87292994  0.87356688  0.86974522
  0.87951422  0.87599872  0.88248408  0.87834395  0.87472036  0.8611465
  0.86624204  0.87515924  0.86910828  0.87707006  0.87292994  0.87261146
  0.87420382  0.87675159  0.87261146  0.87152445  0.87707006  0.87229299
  0.87834395  0.87440077  0.87280281  0.86242038  0.87484076  0.87770701
  0.87547771  0.86974522  0.87727709  0.87770701  0.86305732  0.87408118
  0.87165605  0.86656051  0.87197452  0.86736977  0.87759668  0.87695749
  0.87324841  0.87376159  0.87324841  0.86942675  0.86942675  0.86815287
  0.87006369  0.87643312  0.86974522  0.88057325  0.87515924  0.87599872
  0.87887504  0.86847134  0.87919463  0.88184713  0.87738854  0.87452229
  0.86719745  0.87898089  0.87791627  0.87101911  0.87292994  0.87579618
  0.87961783  0.87738854  0.87165605  0.87898089  0.87707006  0.88686481
  0.87547771  0.87643312  0.87165605  0.87929936  0.88175136  0.86783439
  0.87184404  0.86974522  0.87547771  0.88121019  0.87356688  0.87770701
  0.86974522  0.8660914   0.87388535  0.88152866  0.87344199  0.88334931
  0.87280281  0.87898089  0.86768936  0.87324841  0.86464968  0.87993631
  0.8633758   0.88334931  0.8656051   0.88280255]
average score
0.8741205315794508
score std
0.005226927339910793

execution times
[ 12.65391755  12.68561459  12.70901346  12.73710942  12.55093646
  12.56027865  12.74691033  12.69118214  12.58515215  12.63644314
  12.58078098  12.54255891  12.47689724  12.54488373  12.61063242
  12.59340978  12.57953167  12.66695094  12.62382841  12.6650064
  12.56385636  12.45352411  12.60871267  12.51826382  12.60433626
  12.54720402  12.62458301  12.37324667  12.64023256  12.65057802
  12.61607575  12.61942601  12.49502587  12.63537383  12.53360772
  12.69683051  12.64037585  12.48535991  12.5464046   12.62330031
  12.55037856  12.5075295   12.59393597  12.58598137  12.58947706
  12.54488778  12.46924114  12.51076555  12.62752295  12.68277073
  12.54891276  12.61908317  12.63556075  12.61861372  12.62916541
  12.53227401  12.6469202   12.66643333  12.60769534  12.59574509
  12.72630978  12.60483623  12.63702583  12.53999472  12.55850053
  12.54774857  12.63023639  12.5881083   12.71438193  12.75286317
  12.68631363  12.69257283  12.57521439  12.60331273  12.61749196
  12.72078657  12.6695323   12.55173492  12.65417075  12.48911381
  12.53697038  12.64329982  12.58357835  12.63962102  12.53544378
  12.45318103  12.66428733  12.63668656  12.64523625  12.61655021
  12.4333086   12.68906856  12.54703021  12.55741072  12.56289411
  12.56411433  12.53128004  12.63414145  12.56153226  12.80584335]
average time
12.600819783210754
time std
0.07456339369944762

                      precision    recall  f1-score   support

       AddToPlaylist       0.86      0.86      0.86     43429
      BookRestaurant       0.95      0.93      0.94     46445
          GetWeather       0.86      0.90      0.88     46440
           PlayMusic       0.78      0.89      0.83     46325
            RateBook       0.97      0.97      0.97     44325
  SearchCreativeWork       0.78      0.76      0.77     44039
SearchScreeningEvent       0.94      0.80      0.86     42722

         avg / total       0.88      0.87      0.87    313725
