EXTRACTED INFO

confusion_matrix
[[   0   51  627  930   49  396   39]
 [   0    0 2534    0  426 1526   56]
 [   0 1011    0    0 2089 1522  167]
 [3022   92 1334    0   36 2535   22]
 [  28 1763 1870    0    0   19    0]
 [ 145 1488 8113 4900  120    0 3759]
 [  35  427 5194  185   51 8768    0]]

means
[ 0.93192713  0.90509554  0.90828025  0.90159236  0.89012739  0.88558645
  0.89581336  0.91850431  0.91146497  0.90955414  0.90220518  0.93535032
  0.91243209  0.91369427  0.91656051  0.91242038  0.90541401  0.93821656
  0.8888535   0.92292994  0.91496815  0.92329818  0.90764331  0.89840764
  0.9261745   0.87261146  0.89645254  0.92675159  0.88917197  0.93057325
  0.88590604  0.93057325  0.92106104  0.91942675  0.92006369  0.90254777
  0.89490446  0.91433121  0.89299363  0.90764331  0.90509554  0.93312102
  0.90252477  0.92042186  0.89808917  0.90095541  0.89522293  0.89904459
  0.88980892  0.90477707  0.92292994  0.91624204  0.92553531  0.915628
  0.90444231  0.92929936  0.8888535   0.89713376  0.90350318  0.88302972
  0.87770701  0.90636943  0.92515924  0.89229786  0.93312102  0.91528662
  0.91369427  0.87038217  0.9133758   0.92770701  0.92675159  0.90923567
  0.92038217  0.9133758   0.87356688  0.88312102  0.92038217  0.92165605
  0.92802548  0.92261146  0.92834395  0.8977707   0.92802548  0.91847134
  0.92324841  0.9066879   0.89649682  0.90764331  0.91369427  0.9044586
  0.90509554  0.93343949  0.89649682  0.89649682  0.89936306  0.84872611
  0.91815287  0.87929936  0.90732484  0.91719745  0.91210191  0.92292994
  0.90254777  0.9089172   0.9022293   0.90254777  0.90414013  0.89613295
  0.91910828  0.91496815  0.91082803  0.91878981  0.91082803  0.91878981
  0.92547771  0.89936306  0.9050815   0.93057325  0.91146497  0.89808917
  0.89840764  0.92898089  0.92611465  0.89012739  0.91974522  0.91751592
  0.93121019  0.90063694  0.92006369  0.9366242   0.90092681  0.91528662
  0.93089172  0.92074145  0.93096836  0.9044586   0.90541401  0.93726115
  0.9343949   0.86751592  0.92452229  0.89968153  0.93630573  0.92834395
  0.90254777  0.91050955  0.94012739  0.89713376  0.90444231  0.89426752
  0.92547771  0.91592357  0.90955414  0.94012739  0.91401274  0.91751592
  0.92929936  0.91466922  0.91978268  0.90987261  0.91019108  0.93757962
  0.90923567  0.92356688  0.93726115  0.90541401  0.92070064  0.90318471
  0.91115372  0.93535032  0.92898089  0.92229299  0.93503185  0.93726115
  0.91273885  0.94713376  0.8977707   0.91496815  0.91369427  0.89394904
  0.8980505   0.90188559  0.91082803  0.91528662  0.90987261  0.90286624
  0.88917197  0.89490446  0.91974522  0.89872611  0.9133758   0.9133758
  0.91974522  0.93152866  0.93821656  0.90414013  0.92993631  0.94458599
  0.9156051   0.91656051]

average
0.911850028397

std
0.0159230788495
