EXTRACTED INFO

confusion_matrix
[[   0   88  383 1258   30   93  118]
 [  69    0  589  178  552  865  245]
 [  11  299    0  220  896 1106  129]
 [3301   90  741    0   13  638  176]
 [   0  510  392    0    0    0    0]
 [ 542 1013 3501 3154   78    0 1950]
 [  18  223 1478  142   36 3864    0]]

means
[ 0.91815287  0.8977707   0.87643312  0.88343949  0.91082803  0.92070064
  0.91464968  0.89522293  0.91946309  0.89900927  0.90477707  0.9156051
  0.90700637  0.91496815  0.92809204  0.91719745  0.90541401  0.89872611
  0.91592357  0.89133909  0.8977707   0.92138063  0.90220518  0.90859873
  0.88630573  0.8955414   0.89932886  0.8843949   0.9133758   0.90987261
  0.92675159  0.89745223  0.88686481  0.92261146  0.93343949  0.92070064
  0.90732484  0.93312102  0.91082803  0.9133758   0.91656051  0.91178344
  0.91464968  0.90796178  0.90923618  0.90159236  0.91305732  0.91882391
  0.91466922  0.9111465   0.8866242   0.89745223  0.91051454  0.92006369
  0.89872611  0.91946309  0.9089172   0.88057325  0.91305732  0.89426752
  0.88471338  0.89968153  0.92675159  0.89808917  0.91687898  0.92457654
  0.92133758  0.90859873  0.91146497  0.93057325  0.89261745  0.92866242
  0.88694268  0.91434963  0.93471338  0.91626718  0.90477707  0.90252477
  0.90828025  0.92707006  0.91019108  0.83636945  0.87631831  0.87165605
  0.91624204  0.86910828  0.91082803  0.90859873  0.92197452  0.90382166
  0.90060722  0.92452229  0.92713327  0.92133758  0.92484076  0.92420382
  0.9133758   0.92010227  0.91624204  0.86878981]

average
0.90760236884

std
0.0163745804328
