EXTRACTED INFO

confusion_matrix
[[   0   29  294  479   48  219   31]
 [   0    0  798    0  472 1696  140]
 [   0  274    0   45 1057 1724   46]
 [3893   47  557    0   17  995   95]
 [   0  639  314    0    0    0    0]
 [ 774 1038 4034 2406   59    0 2218]
 [   2  167 1298   87   42 4656    0]]

means
[ 0.91910828  0.901566    0.86528662  0.92457654  0.90636943  0.89267516
  0.87993631  0.91498881  0.8906999   0.87866242  0.901566    0.89203822
  0.90191083  0.88343949  0.88789809  0.90955414  0.9         0.92261146
  0.91722595  0.91783439  0.90573248  0.9044586   0.89522293  0.88503185
  0.91751592  0.90350318  0.9066879   0.89140127  0.90031847  0.90636943
  0.88152866  0.90350318  0.91687898  0.88853503  0.88271013  0.90700637
  0.8910828   0.92101911  0.90063694  0.92233941  0.89229786  0.91433121
  0.91242038  0.89904459  0.90923567  0.88375796  0.91719745  0.90541401
  0.91178344  0.89458599  0.92356688  0.91719745  0.90828025  0.91369427
  0.89681529  0.89904459  0.90700637  0.90414013  0.88917197  0.92038217
  0.89649682  0.90477707  0.88047299  0.9066879   0.91528662  0.91783439
  0.91275168  0.8977707   0.88630573  0.87165605  0.88630573  0.9044586
  0.86225631  0.91082803  0.89267516  0.90092681  0.91050955  0.88312102
  0.92866242  0.91210191  0.88503185  0.92070064  0.89044586  0.87707006
  0.89808917  0.91146497  0.90382166  0.89968153  0.92133758  0.88216561
  0.89872611  0.90987261  0.90414013  0.91242038  0.93121019  0.9133758
  0.9111465   0.89522293  0.9089172   0.90605096]

average
0.9022157584788287

std
0.014060728059124714