EXTRACTED INFO

confusion_matrix
[[42515    42   270   678    24   123    16]
 [    0 44392  1064     0   198   810    46]
 [    0   466 44249     0  1131   593   106]
 [ 1465    37   615 43356    13   765    36]
 [    0   620   373     0 43143     0     0]
 [   36   726  3798  2644    45 35059  1650]
 [   27   172  2223   116    27  4104 36018]]

score means
[ 0.92165605  0.91847134  0.91974522  0.91658677  0.92452229  0.91530841
  0.91910828  0.91751592  0.92356688  0.92452229  0.91942675  0.92233941
  0.91687898  0.91783439  0.92229299  0.92006369  0.91498881  0.92106104
  0.91464968  0.91687898  0.92356688  0.92261146  0.91878981  0.92074145
  0.91946309  0.91751592  0.92133758  0.92101911  0.91847134  0.91815287
  0.91974522  0.91719745  0.91687898  0.91433121  0.91818472  0.91878981
  0.92201981  0.92070064  0.91974522  0.92356688  0.92643312  0.91754554
  0.92420382  0.92042186  0.93000959  0.91528662  0.92643312  0.92452229
  0.91878981  0.92229299  0.92038217  0.92643312  0.92006369  0.91433121
  0.91815287  0.91305732  0.92547771  0.92038217  0.91115372  0.92201981
  0.92070064  0.91719745  0.91528662  0.91273885  0.92457654  0.91466922
  0.92356688  0.92585491  0.91687898  0.91656051  0.92229299  0.92229299
  0.91466922  0.92547771  0.91751592  0.92452229  0.91751592  0.91624204
  0.92070064  0.92420382  0.91847134  0.92579618  0.92579618  0.91528662
  0.91305732  0.92420382  0.91847134  0.91974522  0.91978268  0.92452229
  0.91783439  0.91082803  0.92229299  0.91496815  0.92547771  0.93025478
  0.92993631  0.92324841  0.92133758  0.92165605]
average score
0.9201407177157189
score std
0.004091626971938031

execution times
[ 4.91975236  4.90381646  4.98583198  4.92254591  4.92187572  4.85480928
  4.90437722  4.92900133  4.98785233  4.92691803  4.90569258  4.97495818
  4.96939874  4.91095924  4.93910575  4.91355252  4.94569993  5.02746153
  4.88385606  4.92157221  4.91941452  4.95450115  4.93797946  4.92673922
  4.95068955  4.93928504  4.92802787  4.93054461  4.93655014  4.95543838
  4.90233755  4.88410449  4.87041068  4.95144296  4.91784501  4.88966632
  4.96016026  4.95051527  4.90009665  4.9674387   4.97521281  4.9651525
  4.91758633  4.94592094  4.99772549  4.89418793  4.95982361  4.97079229
  4.90116405  4.91772151  4.9575367   4.95570421  4.93901086  4.90501285
  4.89440227  4.91131783  4.92851567  4.91511989  4.88135862  4.96131277
  4.94869781  4.9355371   4.96213508  4.90816903  5.00731277  4.96321845
  4.91938972  5.01795959  4.89774942  4.93628812  4.92851233  4.97661948
  4.88902044  4.97003865  4.93496132  4.96131134  4.95211816  4.94567227
  4.92163324  4.94322681  4.95162678  4.9582727   4.90672493  4.89911151
  4.91766214  4.98758483  4.92336869  4.91108274  4.94174123  4.99345994
  4.89456153  4.89261079  4.91603827  4.93022799  4.98287725  4.97128916
  5.04114723  5.00528145  5.03746676  4.95005608]
average time
4.938485674858093
time std
0.036258227534922076

                      precision    recall  f1-score   support

       AddToPlaylist       0.97      0.97      0.97     43668
      BookRestaurant       0.96      0.95      0.96     46510
          GetWeather       0.84      0.95      0.89     46545
           PlayMusic       0.93      0.94      0.93     46287
            RateBook       0.97      0.98      0.97     44136
  SearchCreativeWork       0.85      0.80      0.82     43958
SearchScreeningEvent       0.95      0.84      0.89     42687

         avg / total       0.92      0.92      0.92    313791
