EXTRACTED INFO

confusion_matrix
[[   0    2  305  261   20  296   38]
 [   0    0  881    2  267  704  137]
 [   1  376    0    1  907  494   60]
 [1003    7  539    0    4 1166  151]
 [  29  708  346    0    0   15    0]
 [ 201  858 2662 2340  110    0 1733]
 [  18  263 1334  123   47 3017    0]]

means
[ 0.92261146  0.93799936  0.93853503  0.93089172  0.95254777  0.95095541
  0.93949045  0.94458599  0.94854586  0.94087568  0.93128795  0.91464968
  0.92929936  0.93512304  0.93448386  0.93980892  0.94235669  0.94585987
  0.94171975  0.91656051  0.92873122  0.94363057  0.92356688  0.92770701
  0.93853503  0.92261146  0.92229299  0.92802548  0.92133758  0.91434963
  0.91592357  0.95127389  0.91464968  0.92393736  0.9477707   0.93128795
  0.93025478  0.92834395  0.94713376  0.93726115  0.93535032  0.92070064
  0.92484076  0.92905081  0.94713376  0.92457654  0.91433121  0.92484076
  0.92388535  0.9089172   0.94247363  0.94713376  0.91847134  0.94055609
  0.92484076  0.93057325  0.92324841  0.93598726  0.92361777  0.92681368
  0.91019108  0.93407643  0.94279322  0.92515924  0.94840764  0.94426752
  0.94649682  0.93726115  0.91656051  0.94585987  0.92425695  0.93726115
  0.92452229  0.92745286  0.92873122  0.93949045  0.92866242  0.92038217
  0.93128795  0.91305732  0.9477707   0.93343949  0.94649682  0.9332055
  0.93503185  0.91815287  0.8888535   0.92006369  0.92138063  0.94247363
  0.94140127  0.9410828   0.94950463  0.92292994  0.91019108  0.9433121
  0.92643312  0.94267516  0.94343241  0.93216561]

average
0.931703313771

std
0.0118427759093
