EXTRACTED INFO

confusion_matrix
[[   0   55  217  671   18  378   52]
 [   0    0  528    0  439  812  203]
 [   0  306    0    0  850  771   50]
 [1481   46  583    0    8  925  131]
 [   0  530  147    0    0   19    1]
 [ 245 1014 2645 2534   82    0  825]
 [  28  286 1594  152   75 3828    0]]

means
[ 0.94012739  0.91146497  0.89363057  0.9477707   0.93694268  0.92770701
  0.9332055   0.92484076  0.90063694  0.93503185  0.93991691  0.9343949
  0.93895813  0.91305732  0.91656051  0.92898089  0.9343949   0.9477707
  0.94363057  0.92324841  0.90859873  0.92229299  0.92361777  0.92834395
  0.91658677  0.93375796  0.90764331  0.92611465  0.90796178  0.9343949
  0.92388535  0.92292994  0.94904459  0.9332055   0.93608182  0.93630573
  0.93640141  0.92929936  0.93980892  0.91401274  0.92420382  0.9261745
  0.91147331  0.92777245  0.92675159  0.95414013  0.92738854  0.93216561
  0.92197452  0.8933121   0.93789809  0.92681368  0.91687898  0.93726115
  0.91242038  0.9366242   0.94343241  0.92106104  0.92356688  0.91974522
  0.92165605  0.92579618  0.90414013  0.92515924  0.93248408  0.93224672
  0.92425695  0.94203822  0.93789809  0.93152866  0.92229299  0.93057325
  0.92585491  0.93789809  0.93598726  0.93471338  0.92101911  0.94299363
  0.92929936  0.94363057  0.9343949   0.93959732  0.93375796  0.92579618
  0.93895813  0.91751592  0.91273885  0.91687898  0.92452229  0.94649682
  0.91974522  0.91658677  0.93503185  0.94790668  0.9455414   0.9133758
  0.93025478  0.93121019  0.93789809  0.92675159]

average
0.928200449666

std
0.0119110295712
