EXTRACTED INFO

confusion_matrix
[[7165    5   87  147   18   19    2]
 [   0 7344  196   10   77  206    0]
 [   0   62 7549    8  198  103    0]
 [ 668    7  124 6996    0  143    0]
 [   0  106  253    0 7192    0    0]
 [  92  121  714  360   11 5789  343]
 [   3   30  362   23    4 1159 5651]]

score means
[ 0.90095541  0.9044586   0.89840764  0.89458599  0.8866242   0.88846277
  0.89840764  0.88471338  0.89044586  0.8910828   0.88814318  0.90191083
  0.9066879   0.88375796  0.9         0.8836689   0.89363057]
average score
0.8938790375296016
score std
0.0072549768342260665

execution times
[ 12.44936657  12.57487035  12.36706352  12.52485776  12.3056891
  12.32475185  12.41573787  12.28418088  12.26905084  12.35882759
  12.4383502   12.45180655  12.47821617  12.30254006  12.5356226
  12.41219997  12.37665153]
average time
12.404104905969957
time std
0.08922024564222947

                      precision    recall  f1-score   support

       AddToPlaylist       0.90      0.96      0.93      7443
      BookRestaurant       0.96      0.94      0.95      7833
          GetWeather       0.81      0.95      0.88      7920
           PlayMusic       0.93      0.88      0.90      7938
            RateBook       0.96      0.95      0.96      7551
  SearchCreativeWork       0.78      0.78      0.78      7430
SearchScreeningEvent       0.94      0.78      0.85      7232

         avg / total       0.90      0.89      0.89     53347
