EXTRACTED INFO

confusion_matrix
[[   0   44  327  342   43  393   39]
 [  11    0  598    0  402 1435   61]
 [   0  343    0   47  967 1657   85]
 [3287   34  601    0   23  998  106]
 [   1  653  370    0    0   12    0]
 [ 585 1057 3341 2372   80    0 2042]
 [   0  158 1396   95   49 5079    0]]

means
[ 0.88917197  0.91273885  0.91178344  0.89299363  0.89299363  0.90764331
  0.90573248  0.89872611  0.92929936  0.91019108  0.89357622  0.91019108
  0.8866242   0.91658677  0.8871844   0.92579618  0.91242038  0.9111465
  0.92515924  0.89840764  0.9133758   0.92324841  0.90859873  0.91783439
  0.8977309   0.89968153  0.91466922  0.91528662  0.90286624  0.91528662
  0.93121019  0.9         0.8955414   0.91082803  0.90541401  0.91592357
  0.9089172   0.85955414  0.90509554  0.89235669  0.92324841  0.88980892
  0.90763822  0.88726115  0.91178344  0.89904459  0.88694268  0.91146497
  0.90763822  0.90732484  0.90828025  0.91974522  0.89267516  0.8977707
  0.91498881  0.92324841  0.908597    0.89490446  0.87579618  0.92515924
  0.91401274  0.9111465   0.91305732  0.89267516  0.90063694  0.87929936
  0.92261146  0.91307127  0.9012464   0.89171975  0.91878981  0.93057325
  0.92579618  0.92834395  0.9082774   0.9044586   0.90060722  0.93089172
  0.91307127  0.92042186  0.90252477  0.90191083  0.89267516  0.91496815
  0.93949045  0.9156051   0.89840764  0.92229299  0.9156051   0.90414013
  0.90477707  0.92070064  0.92452229  0.88535032  0.91273885  0.8910195
  0.89968153  0.89012739  0.92229299  0.89133909]

average
0.907159847369889

std
0.013767101244563172