EXTRACTED INFO

confusion_matrix
[[   0   20  201  973   14  256   12]
 [   0    0  339    7  390 1036   43]
 [   0  297    0    0 1119  679  190]
 [1664   39  445    0   21  801  106]
 [  16  639  398    0    0   19    0]
 [ 123  850 2490 2256   68    0 1634]
 [  18  186 1708   84   35 2831    0]]

means
[ 0.92484076  0.92553531  0.93256632  0.9388535   0.93448386  0.94203822
  0.93726115  0.93121019  0.93471338  0.94235669  0.95063694  0.95127389
  0.9366242   0.92929936  0.9402365   0.9388535   0.94151486  0.93256632
  0.92356688  0.90635986  0.92425695  0.93057325  0.95095541  0.93057325
  0.94247363  0.92106104  0.93630573  0.93128795  0.93407643  0.93471338
  0.92324841  0.93343949  0.94183445  0.91273885  0.93736018  0.92905081
  0.94566954  0.9156051   0.94076433  0.93384468  0.94044586  0.92929936
  0.93416427  0.94936306  0.9133758   0.94279322  0.93256632  0.94087568
  0.95191083  0.91050955  0.90541401  0.93057325  0.91019108  0.92006369
  0.93184713  0.92905081  0.92484076  0.91974522  0.9433121   0.92452229
  0.90923618  0.91687898  0.92993631  0.91656051  0.92713327  0.92165605
  0.92010227  0.93025478  0.92675159  0.91339086  0.95159236  0.93630573
  0.92393736  0.93121019  0.92229299  0.92611465  0.93089172  0.93640141
  0.92388535  0.92038217  0.91850431  0.93789809  0.93598726  0.92101911
  0.90955414  0.93280255  0.90700637  0.92261146  0.94235669  0.94790668
  0.94299363  0.91369427  0.93312102  0.92802548  0.91498881  0.90573248
  0.93630573  0.93927772  0.91498881  0.9343949 ]

average
0.9298357312830658

std
0.011454238853391582