EXTRACTED INFO

confusion_matrix
[[   0    0  146  530    0  280   16]
 [   0    0  869    0  250 1334   69]
 [   0  308    0    0  843  760   15]
 [1052    0  421    0   25 1320   75]
 [   0  801  550   27    0   42    0]
 [   8 1015 3333 2622   99    0 1706]
 [   0  180  995  111   33 2911    0]]

means
[ 0.91815287  0.91946309  0.93343949  0.9089172   0.92777245  0.91847134
  0.92898089  0.91401274  0.950783    0.93224672  0.94394904  0.92038217
  0.936721    0.92961783  0.936721    0.91687898  0.91528662  0.9472675
  0.93503185  0.92329818  0.92165605  0.93980892  0.94299363  0.94458599
  0.94713376  0.91496815  0.93535032  0.92197452  0.92898089  0.94171975
  0.93248408  0.91656051  0.93789809  0.93248408  0.9455414   0.91401274
  0.89171975  0.90987536  0.92993631  0.93280255  0.92261146  0.91433121
  0.91783439  0.93343949  0.93184713  0.92738854  0.92261146  0.92038217
  0.92961783  0.92929936  0.93057325  0.92866242  0.92611465  0.91626718
  0.93544263  0.89904459  0.91498881  0.93216561  0.94490446  0.94363057
  0.92681368  0.93598726  0.91178344  0.92521572  0.92937041  0.93089172
  0.93726115  0.9156051   0.93152866  0.92993631  0.92649409  0.94490446
  0.92484076  0.93566879  0.93535032  0.92675159  0.93248408  0.9343949
  0.92611465  0.91783439  0.94617834  0.9111465   0.89808917  0.92738854
  0.92969     0.93248408  0.93448386  0.91687898  0.9066879   0.92675159
  0.93799936  0.88782359  0.93630573  0.91179291  0.94247363  0.90923567
  0.95046341  0.92738854  0.94872611  0.92802548]

average
0.9275028284814547

std
0.012485908942799225