EXTRACTED INFO

confusion_matrix
[[42266    16   880   157    42   432     0]
 [    0 42934  2785     1    59   276    23]
 [    0   155 46035     0    11   102    64]
 [  545    16  1347 43730     0   396     0]
 [   24   370     0    20 43974    67     0]
 [   24     0  1943  1048     0 41062   180]
 [    0     0  1590   104     0  1228 39852]]

score means
[ 0.95573248  0.9589172   0.95382166  0.95859873  0.95191083  0.95859873
  0.95350318  0.95350318  0.9477707   0.95605096  0.95318471  0.95987261
  0.95605096  0.96082803  0.95382166  0.94808917  0.95605096  0.94872611
  0.95191083  0.95923567  0.95973154  0.94936306  0.95191083  0.95350318
  0.9566879   0.95941195  0.94936306  0.95286624  0.9633758   0.95636943
  0.9544586   0.95238095  0.94808917  0.95717482  0.95700637  0.95397891
  0.95206136  0.96082803  0.95254777  0.95397891  0.95509554  0.96082803
  0.9611465   0.95732484  0.95382166  0.94936306  0.96069032  0.9566879
  0.95764331  0.95923567  0.96178344  0.96069032  0.95796178  0.9589172
  0.95286624  0.95636943  0.95749441  0.95859873  0.9566879   0.95509554
  0.95493768  0.95333973  0.95238095  0.95414013  0.95541401  0.95365932
  0.95031847  0.95365932  0.95477707  0.95509554  0.95717482  0.95477707
  0.95636943  0.96210191  0.95732484  0.95828025  0.95110259  0.96178344
  0.95605096  0.96401274  0.95573248  0.95509554  0.95987261  0.95095541
  0.95509554  0.95414013  0.96164909  0.9472675   0.95191083  0.95573248
  0.95621604  0.95350318  0.95350318  0.95700637  0.9589172   0.95923567
  0.95621604  0.95764331  0.95732484  0.95493768]
average score
0.9556822340016246
score std
0.003634801504717594

execution times
[ 16.4396193   16.45041656  16.49672294  16.47754931  16.61562133
  16.52859282  16.44803095  16.50107718  16.55821991  16.4047699
  16.41136885  16.6035378   16.51491404  16.4090116   16.47929811
  16.47805023  16.68181133  16.41918397  16.35539007  16.81446171
  16.337502    16.42428231  16.49857998  16.50006223  16.4719615
  16.43930197  16.52159095  16.49865222  16.49666929  16.44008517
  16.54953122  16.45114446  16.56151557  16.36418891  16.53760648
  16.44447899  16.41092753  16.54957271  16.51981831  16.42012191
  16.43536305  16.4516139   16.40155077  16.38302302  16.45141006
  16.39031386  16.37617993  16.56609154  16.66357732  16.44471145
  16.47084618  16.5015173   16.49835896  16.43663454  16.26955819
  16.46101069  16.37767076  16.49493814  16.55673027  16.39187527
  16.4356339   16.5445497   16.46516681  16.47511911  16.40330768
  16.51839924  16.39108872  16.4622457   16.53241181  16.44037318
  16.37799573  16.59360766  16.39634466  16.52590942  16.51585388
  16.29717875  16.49218202  16.85211635  16.50958896  16.56276989
  16.49104333  16.44504285  16.55467534  16.52094746  16.59011388
  16.53776312  16.54511476  16.42637801  16.43670869  16.4192903
  16.45043349  16.51220989  16.39097905  16.51062012  17.87413764
  16.53681111  16.366822    16.45824385  16.39654398  16.4427743 ]
average time
16.492467131614685
time std
0.16437945287521205

                      precision    recall  f1-score   support

       AddToPlaylist       0.99      0.97      0.98     43793
      BookRestaurant       0.99      0.93      0.96     46078
          GetWeather       0.84      0.99      0.91     46367
           PlayMusic       0.97      0.95      0.96     46034
            RateBook       1.00      0.99      0.99     44455
  SearchCreativeWork       0.94      0.93      0.94     44257
SearchScreeningEvent       0.99      0.93      0.96     42774

         avg / total       0.96      0.96      0.96    313758
