EXTRACTED INFO

confusion_matrix
[[    0     2     0 20391     4    33     0]
 [    0     0   509  5766     0   174     4]
 [    0   195     0  4378     0    40     4]
 [  121     5     1     0     0   117     0]
 [    0     2     3  9209     0    76     0]
 [    0     6   364 14129     2     0   193]
 [    0    26   477  8290     0  1359     0]]

means
[ 0.81592357  0.78757962  0.7933121   0.78566879  0.79203822  0.78917197
  0.76510067  0.82262704  0.78811122  0.79681529  0.77484076  0.7633758
  0.80382166  0.78216561  0.78683285  0.80414013  0.76783439  0.80313199
  0.78248408  0.78726115  0.76273885  0.77133758  0.7977707   0.81401274
  0.78789809  0.79044586  0.80159236  0.79130713  0.80063694  0.77707006
  0.79649682  0.77898089  0.80382166  0.79649682  0.77356688  0.80987261
  0.8022293   0.79076433  0.7843949   0.78089172  0.78949045  0.79130713
  0.79968153  0.7843949   0.79482263  0.77802548  0.77866242  0.76624204
  0.78789809  0.81305732  0.8089172   0.81433121  0.75135826  0.80859873
  0.78025478  0.79076433  0.81019108  0.77133758  0.76687898  0.78535032
  0.80350318  0.78503185  0.78917197  0.82646213  0.76815287  0.81624204
  0.80382166  0.78076063  0.79546181  0.81463726  0.79713376  0.81273885
  0.75828025  0.77261146  0.78630573  0.78651326  0.7955414   0.82292994
  0.77006369  0.80764331  0.77993631  0.76592357  0.78535032  0.80504954
  0.77436881  0.77802548  0.79394904  0.79649682  0.77324841  0.81433121
  0.79044586  0.79140127  0.76433121  0.78108022  0.7933121   0.8
  0.77564717  0.79363057  0.80127389  0.7782039 ]

average
0.7900514032484278

std
0.01571544382500305