EXTRACTED INFO

confusion_matrix
[[39113     6    30  4229    11   274    12]
 [   21 45462   193   380     6   173    25]
 [    0   260 45894   350     0    36    54]
 [  264     0    39 45765     0   309     0]
 [    0    22    43   298 43983   128     0]
 [   18     3   354  4616    13 38201   404]
 [   16    36   564  1035     1  1660 39435]]

score means
[ 0.95095541  0.94566954  0.95127389  0.9566879   0.94936306  0.95095541
  0.94649682  0.95397891  0.95063694  0.94758709  0.94918504  0.95333973
  0.9410828   0.94394904  0.95477707  0.94904459  0.94299363  0.95333973
  0.94872611  0.94203822  0.94585987  0.95159236  0.9477707   0.94872611
  0.94681529  0.9544586   0.94343241  0.94458599  0.95127389  0.95509554
  0.94363057  0.95063694  0.94649682  0.94936306  0.95732484  0.95095541
  0.94872611  0.9544586   0.94617834  0.95493768  0.94662832  0.95477707
  0.95095541  0.93821656  0.94840764  0.9455414   0.94936306  0.95318471
  0.94854586  0.95191083  0.94458599  0.95796178  0.95254777  0.9522293
  0.94872611  0.95286624  0.94904459  0.94394904  0.94279322  0.95509554
  0.94649682  0.94585987  0.95142218  0.95717482  0.9472675   0.94790668
  0.94936306  0.950783    0.94279322  0.94267516  0.95191083  0.9542985
  0.94904459  0.95        0.94886545  0.94904459  0.94854586  0.94872611
  0.95509554  0.94904459  0.95142218  0.95127389  0.94566954  0.9410828
  0.95031847  0.9477707   0.94490446  0.94745223  0.95350318  0.95063694
  0.95191083  0.95095541  0.95031847  0.96019108  0.94649682  0.94363057
  0.95955414  0.94076433  0.94758709  0.95397891]
average score
0.9493747091620816
score std
0.0043308077809682205

execution times
[ 63.91640997  63.58221126  63.82346725  63.57599854  63.30458212
  63.92008042  63.71954179  63.45723367  64.16667914  63.33361816
  63.79897594  63.75845075  63.69749737  63.62007165  64.0293138
  64.47410488  63.94481349  63.67055583  64.09703684  64.08034062
  64.07588696  63.9966135   63.83675075  64.0761075   63.81511474
  64.10809088  63.4722631   64.01262212  63.83272934  63.7062757
  64.01386833  63.69994617  63.90079236  63.82996988  63.89040065
  64.69890809  64.61830449  63.85237765  64.05693293  63.77332759
  63.69976425  64.04672313  63.74515867  64.03230739  63.95085359
  63.85185337  64.04893851  63.80040216  64.01543045  63.81546426
  64.27530432  63.57424068  63.80997133  64.32262278  63.92571282
  63.75652266  63.80686402  64.06291032  63.77291989  64.14542365
  64.19983006  64.48476219  63.80920672  64.09492564  63.93216634
  64.16378379  64.11558747  63.9852798   64.15760207  64.43934131
  64.11617851  63.19072795  65.45377493  63.25954771  63.11610961
  63.37147593  63.22842741  63.46443677  63.48793006  63.30092216
  62.75944686  63.20691204  62.90581107  63.41608644  63.85295987
  63.16883898  63.59015846  63.26220345  63.06891131  63.14885187
  63.28608966  63.42978477  63.52184343  67.74646902  63.56352901
  63.35834074  63.35571527  64.15594554  63.02401042  62.99062204]
average time
63.81882201194763
time std
0.5752451456607572

                      precision    recall  f1-score   support

       AddToPlaylist       0.99      0.90      0.94     43675
      BookRestaurant       0.99      0.98      0.99     46260
          GetWeather       0.97      0.98      0.98     46594
           PlayMusic       0.81      0.99      0.89     46377
            RateBook       1.00      0.99      0.99     44474
  SearchCreativeWork       0.94      0.88      0.91     43609
SearchScreeningEvent       0.99      0.92      0.95     42747

         avg / total       0.95      0.95      0.95    313736
