EXTRACTED INFO

confusion_matrix
[[43512     7     0   101    23    22    20]
 [    0 46238    33     0     6    43     0]
 [    0   214 45997     0    23    18    57]
 [  357     0    22 45687    22   281    23]
 [    0    24    17     0 44015    17     0]
 [   36   203   120  1572    64 41078  1137]
 [    0     2    84    71    60  1556 41040]]

score means
[ 0.9824225   0.97866242  0.97922659  0.98121019  0.97993631  0.98121019
  0.98057325  0.97547771  0.97770701  0.97898089  0.97802548  0.98216561
  0.98561841  0.97866242  0.97954618  0.98280255  0.97802548  0.98306168
  0.97770701  0.97770701  0.97643312  0.97961783  0.97929936  0.97929936
  0.98025478  0.98343949  0.98121019  0.98121019  0.97643312  0.98057325
  0.9824225   0.98216561  0.97643312  0.98089172  0.98089172  0.98082454
  0.98121019  0.98025478  0.98057325  0.98089172  0.9824225   0.97802548
  0.98280255  0.98370086  0.97420382  0.97738854  0.98121019  0.98089172
  0.98343949  0.97579618  0.98280255  0.97675159  0.97707006  0.98121019
  0.97898089  0.97707006  0.97834395  0.98025478  0.98178332  0.97866242
  0.98089172  0.97929936  0.98121019  0.98312102  0.98057325  0.98025478
  0.97698945  0.98082454  0.98089172  0.97961783  0.97993631  0.97802548
  0.98375796  0.97961783  0.97993631  0.98121019  0.98407643  0.97993631
  0.97666986  0.98057325  0.98089172  0.97929936  0.97929936  0.97643312
  0.98535032  0.97826782  0.98343949  0.98152866  0.97802548  0.97929936
  0.97826782  0.97922659  0.98248408  0.98630573  0.97770701  0.97826782
  0.97929936  0.98312102  0.97961783  0.98370086]
average score
0.9801311645933967
score std
0.0023396871483225366

execution times
[ 15.98850489  15.96679235  15.88011479  15.97491074  16.17743158
  17.12778568  15.93701696  15.9355917   15.98699236  15.91929102
  16.16187477  16.08994389  16.05960798  16.03010035  15.93852305
  16.08656788  16.01858616  16.0553174   16.12214613  15.99681234
  16.13668346  16.13656354  15.87919283  16.09912109  16.25922513
  16.21793461  16.1317687   16.07172704  16.06481099  15.97500134
  15.91193819  16.34527278  16.21517253  16.15533543  16.22928476  16.13659
  16.05252457  16.09724545  16.02987766  16.86955404  15.95799494
  16.02913976  15.97525692  15.95883346  16.17980385  16.45835876
  16.13628864  16.19059587  16.12185764  16.00639963  16.12994885
  16.31098604  16.1628983   16.16740441  16.01259398  15.96846628
  16.21041751  15.86565804  15.88066125  15.954808    16.30872297
  16.03310108  16.01215243  15.97089887  16.04501152  16.26349187
  16.05124903  16.05173063  16.02536511  16.06046295  16.38647199
  16.10588121  16.25846791  15.95473766  16.05253625  16.00661969
  16.06307793  16.14425302  15.94443941  16.19405222  16.15407181
  16.25089931  16.1458683   15.88693619  16.14710522  16.08501554
  15.99448323  16.14701962  16.32522941  16.2822299   15.96323109
  16.00635409  16.05814338  16.10409713  16.07425547  15.92984343
  16.02560616  16.15721941  16.07595491  15.91018319]
average time
16.098035788536073
time std
0.1773845396711409

                      precision    recall  f1-score   support

       AddToPlaylist       0.99      1.00      0.99     43685
      BookRestaurant       0.99      1.00      0.99     46320
          GetWeather       0.99      0.99      0.99     46309
           PlayMusic       0.96      0.98      0.97     46392
            RateBook       1.00      1.00      1.00     44073
  SearchCreativeWork       0.95      0.93      0.94     44210
SearchScreeningEvent       0.97      0.96      0.96     42813

         avg / total       0.98      0.98      0.98    313802
