EXTRACTED INFO

confusion_matrix
[[37587    45     6  2796  2984   455   165]
 [   13 34924 10798    25   356   106   424]
 [   52   457 43874    10   396   208  1210]
 [ 2977    84    39 36727   215  1882  4240]
 [  360   179   135    53 38951  1874  2498]
 [  977   514   476  1416  6346 24517  9862]
 [  320    99   112   238   269  2290 39272]]

score means
[ 0.82324841  0.81019108  0.8133758   0.81495686  0.82133758  0.80477707
  0.82292994  0.79872611  0.82611465  0.82324841  0.81975072  0.80923567
  0.82452229  0.80509554  0.81783439  0.81847134  0.81050955  0.82420382
  0.80504954  0.80796178  0.81655481  0.82165605  0.8203899   0.81210191
  0.81687898  0.83407643  0.79801854  0.81433121  0.82038217  0.80955414
  0.81146497  0.81496815  0.80987261  0.81112176  0.82165605  0.82229299
  0.82834395  0.82197452  0.8028124   0.82261146  0.81496815  0.8022293
  0.81082803  0.81974522  0.82324841  0.82292994  0.79936306  0.82422499
  0.8         0.81146497  0.82675159  0.82356688  0.81401274  0.81401274
  0.82070064  0.80955414  0.83407643  0.82356688  0.8022293   0.82197452
  0.80955414  0.81146497  0.80063694  0.82197452  0.80573248  0.82484076
  0.81464968  0.81783439  0.80888463  0.81242038  0.81240013  0.81050955
  0.80920422  0.82770701  0.81431767  0.81719745  0.80382166  0.81783439
  0.80286624  0.80350318  0.80760626  0.82774049  0.80063694  0.81974522
  0.81210191  0.81847134  0.82038217  0.81433121  0.81242038  0.81305732
  0.80185363  0.82770701  0.81656051  0.8343949   0.81751592  0.81050955
  0.81751592  0.8133758   0.82420382  0.8203899 ]
average score
0.815299261276776
score std
0.00837617437691183

execution times
[ 18.06592727  18.08728528  18.06163907  18.00132442  18.20650506
  18.14646745  18.40439987  18.16595387  18.16974688  17.96205831
  18.09815502  17.99711275  18.18215704  18.1557014   18.12377787
  18.041713    18.02443147  18.10991693  18.00738382  18.19829273
  18.23419595  18.1388967   17.81430149  18.20149612  18.32254982
  18.26536441  17.824332    18.08834553  18.10132933  18.11372614
  17.99188733  17.96525288  17.9982686   18.09262538  18.09857535
  18.00149393  18.05711675  17.98899245  18.02599645  18.02714753
  18.01151228  18.07933974  18.02893376  18.18099308  18.00118852
  18.00538254  17.92947674  18.05721474  17.98233986  18.08301735
  18.06109834  18.08868814  18.01159739  17.97597504  18.04234481
  17.96678233  18.13254905  17.99144459  17.93776798  18.04842162
  18.15134907  18.12489343  18.11559153  18.01084185  18.24426699
  17.98780107  18.03758979  18.13355184  17.91120911  18.25162959
  18.08366466  18.1273551   17.94857931  18.13855886  18.06212234
  18.07742548  17.99443722  18.33945298  18.09351254  18.07792497
  18.04989505  18.09327221  17.9649353   18.10246825  17.99510288
  18.05270624  18.33364034  18.13211107  18.09958458  18.11868238
  18.06507134  18.06371474  18.18040895  18.08587527  18.07741237
  18.01126766  18.0563848   18.05945563  18.03947639  18.23064375]
average time
18.07901778459549
time std
0.09995117129072756

                      precision    recall  f1-score   support

       AddToPlaylist       0.89      0.85      0.87     44038
      BookRestaurant       0.96      0.75      0.84     46646
          GetWeather       0.79      0.95      0.86     46207
           PlayMusic       0.89      0.80      0.84     46164
            RateBook       0.79      0.88      0.83     44050
  SearchCreativeWork       0.78      0.56      0.65     44108
SearchScreeningEvent       0.68      0.92      0.78     42600

         avg / total       0.83      0.82      0.81    313813
