EXTRACTED INFO

confusion_matrix
[[40668    54    39  1449   665   122   523]
 [    9 43931  2172    23   116    24   146]
 [   20   291 45818     0    15    13   448]
 [ 1539     9    57 41105   182   674  2926]
 [   46    35     0     2 43806    94   248]
 [  179    54   195  1559  1633 30568  9989]
 [   63    51    65    11   117   767 41260]]

score means
[ 0.92707006  0.9156051   0.91050955  0.91401274  0.91273885  0.90605096
  0.91690636  0.9133758   0.90828025  0.91882391  0.91722595  0.91910828
  0.91082803  0.91783439  0.91719745  0.91496815  0.92201981  0.91528662
  0.91719745  0.9111465   0.91592357  0.92010227  0.91496815  0.91656051
  0.91882391  0.91528662  0.9111465   0.91687898  0.91464968  0.91687898
  0.90605096  0.91242038  0.91818472  0.90764331  0.90987261  0.91273885
  0.91464968  0.91401274  0.91815287  0.91624204  0.9133758   0.9191435
  0.92006369  0.91275168  0.9133758   0.91210191  0.91369427  0.91530841
  0.91687898  0.91594759  0.91592357  0.91146497  0.92229299  0.90923567
  0.91305732  0.91146497  0.91722595  0.90987261  0.91974522  0.91878981
  0.9111465   0.90987261  0.92038217  0.91719745  0.9133758   0.90859873
  0.92101911  0.91815287  0.9133758   0.91815287  0.91433121  0.91464968
  0.91050955  0.91783439  0.93000959  0.91464968  0.91946309  0.91656051
  0.91496815  0.91275168  0.908597    0.91178344  0.91496815  0.91754554
  0.90795781  0.91273885  0.91050955  0.91210191  0.91401274  0.91624204
  0.90955414  0.91847134  0.91910828  0.91882391  0.91783439  0.922659
  0.91942675  0.91592357  0.91528662  0.9156051 ]
average score
0.915152398051513
score std
0.004139479986041519

execution times
[ 67.20929527  67.56592011  67.19392514  67.27804351  67.88124299
  67.50997472  67.23352408  67.21568942  67.17627859  67.23710394
  67.09984303  67.27818346  67.72008443  67.7606647   67.52589393
  67.55146813  67.21474957  67.22785735  67.67448807  67.44897985
  67.40960574  67.47402048  67.46620393  67.54001951  67.21428061
  67.43382812  67.42722178  67.54865742  67.33039403  67.47308898
  67.49913573  67.37645507  67.59154725  67.70229602  67.53088498
  67.39813113  67.2128799   67.30429864  67.62099123  67.82269192
  67.25986242  67.0336647   67.3953948   67.02252603  66.97750902
  67.33758473  67.17914605  67.17265248  67.74432349  67.12462449
  67.33525681  67.61039305  67.77639961  67.7664659   66.82887483
  67.50758696  67.42540288  67.31271553  67.43660474  67.26512575
  67.78700614  67.38676     67.61198711  67.43456864  67.59279847
  67.2781086   67.40726519  67.22280908  67.53365707  67.34805179
  67.53492546  67.06753874  67.74782658  67.3949461   67.01930594
  67.6116581   67.25519633  67.27198434  67.20167994  67.36109447
  67.31344557  67.28259563  66.92630434  67.14742947  67.2782712
  67.24362612  67.25928569  67.2582221   67.47554111  67.60480809
  67.95517492  67.24463248  67.5647018   66.9704597   67.42268848
  67.5208559   67.30738068  67.27541733  67.33969522  67.25514317]
average time
67.38606804132462
time std
0.2202888384468983

                      precision    recall  f1-score   support

       AddToPlaylist       0.96      0.93      0.95     43520
      BookRestaurant       0.99      0.95      0.97     46421
          GetWeather       0.95      0.98      0.97     46605
           PlayMusic       0.93      0.88      0.91     46492
            RateBook       0.94      0.99      0.97     44231
  SearchCreativeWork       0.95      0.69      0.80     44177
SearchScreeningEvent       0.74      0.97      0.84     42334

         avg / total       0.92      0.92      0.91    313780
