EXTRACTED INFO

confusion_matrix
[[    0     4    21  1079    75   226  5057]
 [   19     0  1765     1     4    44  1147]
 [    0   168     0     0     0    34  3066]
 [ 1253    17     0     0    58  1101 13422]
 [   36     4     0    30     0   157  4082]
 [   46    11    12   576   781     0 14008]
 [   39    63   165    10    32   293     0]]

means
[ 0.84458599  0.85139022  0.8589172   0.85382166  0.84299363  0.84713376
  0.84723554  0.83375796  0.84968153  0.84531799  0.83668904  0.85170981
  0.8455414   0.84649682  0.83630573  0.84203822  0.84522293  0.85063694
  0.84180249  0.84819431  0.8477707   0.84936306  0.84458599  0.85477707
  0.84299363  0.8455414   0.8379674   0.84904459  0.84171975  0.84140127
  0.84979227  0.85159236  0.84522293  0.83789809  0.84363057  0.83535032
  0.83566879  0.8410828   0.8433121   0.83860658  0.84563758  0.84787472
  0.83280255  0.83757962  0.84713376  0.83694268  0.84617834  0.84276127
  0.84968153  0.84426752  0.85063694  0.84691595  0.83853503  0.8455414
  0.84235669  0.84458599  0.85063694  0.84936306  0.83757962  0.85254777
  0.84713376  0.83789809  0.84585987  0.85        0.84363057  0.8410828
  0.84522293  0.84968153  0.84808917  0.83757962  0.84649682  0.8455414
  0.84968153  0.84585987  0.84968153  0.84787472  0.83828699  0.83025478
  0.84340045  0.83471338  0.83598726  0.84808917  0.84403963  0.83471338
  0.85031847  0.83025478  0.84713376  0.8410828   0.8274209   0.85043145
  0.84394904  0.8477707   0.83828699  0.84522293  0.82710131  0.84872611
  0.83630573  0.85318471  0.85477707  0.84363057]

average
0.844127503547

std
0.00618460050742
