EXTRACTED INFO

confusion_matrix
[[43301     2     0    66    26     9    19]
 [    6 46225     3     0     2    29     0]
 [   19   324 46122     4    40    20    68]
 [  734     0    12 45153    16   352    32]
 [    0    31     0     0 44154     1     0]
 [  142   354    48  1561   123 40550  1402]
 [    5    30    49    67    76  1248 41278]]

score means
[ 0.97420382  0.97611465  0.98114414  0.98114414  0.98152866  0.97452229
  0.97388535  0.97547771  0.971876    0.978907    0.97802548  0.9753915
  0.97770701  0.97993631  0.97579618  0.97452229  0.98089172  0.97698945
  0.97858741  0.97707006  0.97707006  0.97834395  0.97579618  0.97738854
  0.98146373  0.98114414  0.97484076  0.97922659  0.97794823  0.97707006
  0.98057325  0.98018536  0.97675159  0.97707006  0.97866242  0.97866242
  0.98216561  0.97738854  0.98089172  0.97707006  0.97666986  0.97834395
  0.98248408  0.98057325  0.98280255  0.97379354  0.97133758  0.98216561
  0.97707006  0.97603068  0.98146373  0.98114414  0.97802548  0.97730904
  0.97738854  0.97643312  0.98375796  0.97261146  0.98121019  0.97635027
  0.97261146  0.98184713  0.98216561  0.97961783  0.97993631  0.97961783
  0.97251518  0.97961783  0.97922659  0.97515924  0.98089172  0.97643312
  0.97643312  0.97611465  0.97898089  0.97611465  0.97770701  0.97898089
  0.97738854  0.97707006  0.97738854  0.97834395  0.97547771  0.97611465
  0.98216561  0.97866242  0.97579618  0.97794823  0.97802548  0.97707006
  0.97292994  0.97858741  0.97484076  0.98025478  0.9753915   0.97986577
  0.97866242  0.97954618  0.98216561  0.97603068]
average score
0.9779409703350413
score std
0.002693634889548282

execution times
[ 7.67870378  7.55038643  7.70804834  7.57750654  7.65416503  7.61502218
  7.61728334  7.64605117  7.56054902  7.76984334  7.61344123  7.62796807
  7.59157991  7.5912056   7.74052382  7.60041666  7.6200614   7.79014802
  7.7625711   7.61200881  7.64548564  7.64161325  7.60087538  7.66678929
  9.47861338  7.59788656  7.57527661  7.62429786  7.6337347   7.71054554
  7.60607982  7.59909582  7.58003759  7.82353735  7.64733171  7.655442
  7.56544399  7.576159    7.67434788  7.70048952  7.65347004  7.59035802
  7.58103728  7.59701347  7.6639421   7.66869903  7.61478186  7.6187613
  7.60613227  7.5557003   7.57424331  7.61509347  7.72935367  7.55683589
  7.74502492  7.69954944  7.67052579  7.63765478  7.70008683  7.6112237
  7.66716456  7.65069795  7.59901214  7.60622525  7.65746069  7.71012878
  7.61557245  7.56863356  7.59240174  7.60332251  7.59302163  7.66510773
  7.57740545  7.57341909  7.55537033  7.59020829  7.56905556  7.63107872
  7.62965751  7.61519599  7.6819911   7.62346268  7.57486224  7.60908723
  7.57616091  7.60545516  7.58853674  7.67988539  7.64085555  7.64284372
  7.55190873  7.79162431  7.56861567  7.64437056  7.54203033  7.52235293
  7.60095072  7.4997766   7.61812568  7.57963061]
average time
7.646327209472656
time std
0.19360306598005092

                      precision    recall  f1-score   support

       AddToPlaylist       0.98      1.00      0.99     43423
      BookRestaurant       0.98      1.00      0.99     46265
          GetWeather       1.00      0.99      0.99     46597
           PlayMusic       0.96      0.98      0.97     46299
            RateBook       0.99      1.00      1.00     44186
  SearchCreativeWork       0.96      0.92      0.94     44180
SearchScreeningEvent       0.96      0.97      0.96     42753

         avg / total       0.98      0.98      0.98    313703
