EXTRACTED INFO

confusion_matrix
[[   0   71   23 5625   81  331   70]
 [   1    0  473 1101    7  123   51]
 [  19  483    0 1482   62  175  193]
 [1462  252  745    0  650 2163  334]
 [  36   19    6 3487    0  416   64]
 [ 147  303  828 8811  537    0 1506]
 [  33  135  600 2095   90 1303    0]]

means
[ 0.86878981  0.8888535   0.86815287  0.86656051  0.87376159  0.86624204
  0.91275168  0.89681529  0.82774049  0.89197827  0.87770701  0.90477707
  0.8933121   0.88152866  0.89299363  0.9050815   0.84012739  0.82738854
  0.87261146  0.84936306  0.88248408  0.88503185  0.83566879  0.81942675
  0.87855545  0.88471338  0.87280281  0.83221477  0.88057325  0.86369427
  0.88152866  0.86289549  0.89044586  0.89363057  0.87547771  0.85650368
  0.87567913  0.89076433  0.88407643  0.87388535  0.88025478  0.87088527
  0.92006369  0.9022293   0.88280255  0.88334931  0.88121019  0.89076433
  0.88566879  0.88598726  0.86193672  0.82229299  0.86305732  0.87643312
  0.87229299  0.88949045  0.86273885  0.87611465  0.89363057  0.89741131
  0.90127389  0.89936306  0.89677213  0.89968153  0.89840764  0.90028763
  0.89458599  0.89585987  0.8955414   0.89681529  0.88821656  0.89868968
  0.89649682  0.8910195   0.89613295  0.90796178  0.89299363  0.90254777
  0.9044586   0.9066879   0.89681529  0.88694268  0.89649682  0.88949045
  0.89012739  0.8942154   0.89649682  0.89517418  0.88853503  0.89363057
  0.90095541  0.89458599  0.90191083  0.89968153  0.90316395  0.89932886
  0.89363057  0.894535    0.89872611  0.89617834]

average
0.883996183229

std
0.019885664201
