EXTRACTED INFO

confusion_matrix
[[42724   100    22   563    26   148   103]
 [   19 45697   126    73    23    27    27]
 [   19   379 45895    92    18    10   101]
 [ 1165   133   121 43951    59   716   102]
 [    6    27    38    24 44108    67     2]
 [  224   281   350  3066   144 38449  1480]
 [   78    73   408   370   117  1036 41026]]

score means
[ 0.96305732  0.96401274  0.96687898  0.96401274  0.96369427  0.96210191
  0.96496815  0.96464968  0.96210191  0.96146497  0.9611465   0.96356663
  0.96305732  0.96305732  0.96305732  0.96305732  0.95923567  0.96592357
  0.96305732  0.95845318  0.96305732  0.95923567  0.9611465   0.96548418
  0.96178344  0.96005113  0.96273885  0.96050955  0.9589172   0.95923567
  0.96433121  0.95923567  0.9613295   0.96528662  0.96178344  0.96082803
  0.96305732  0.96496815  0.96082803  0.96305732  0.96464968  0.96847134
  0.964845    0.96228827  0.95923567  0.96146497  0.96005113  0.96528662
  0.9589172   0.95828025  0.95509554  0.96369427  0.95700637  0.95987261
  0.9566879   0.96050955  0.95414013  0.96178344  0.9611465   0.96708213
  0.95859873  0.96242038  0.96146497  0.97006369  0.96401274  0.96433121
  0.96305732  0.96273885  0.95796178  0.9611465   0.96210191  0.97006369
  0.96369427  0.964845    0.9613295   0.96369427  0.95987261  0.96164909
  0.95923567  0.95796178  0.96100991  0.96464968  0.96804091  0.96146497
  0.95732484  0.96082803  0.95764331  0.96178344  0.96146497  0.96210191
  0.95987261  0.96100991  0.95653563  0.96273885  0.96082803  0.96050955
  0.96164909  0.9566879   0.96050955  0.96305732]
average score
0.9618788261852855
score std
0.0029188220537195372

execution times
[ 32.68738413  32.83127737  32.54321837  32.62879896  36.12864232
  32.27988768  32.53179598  32.44867706  32.61535382  32.58134389
  32.71798325  32.41770554  32.71235776  32.2701993   33.10359478
  33.01128268  32.73097277  32.78518462  32.43267179  32.34168792
  32.44276285  33.07803988  32.28144455  32.53779602  32.80039835
  32.65471482  32.72564721  33.63584805  32.89864516  32.78323078
  32.66388679  32.76401448  32.50066686  33.75609493  32.57325006
  32.84192014  32.58401227  32.1884377   32.71450901  32.43782139
  33.16508889  32.32477593  32.43628526  32.44906378  32.97775888
  32.72679877  32.50134492  33.0988729   32.67800736  32.81314993
  32.68253517  32.81400752  32.46676493  32.76278257  32.5632093
  32.59791541  32.84227395  32.73661065  32.61013675  32.16669464
  32.64832687  32.15141726  32.48998213  32.66652441  32.53776073
  32.52443647  33.18186879  32.37000918  32.70170474  32.5523026
  33.00130033  32.50407553  32.63813281  32.71996427  32.65216422
  32.49439716  32.33668971  32.67048693  32.64141035  32.63909245
  32.46999192  32.27534652  32.2601707   32.30798244  37.05535841
  32.58678341  32.18797088  32.65637255  32.43206382  32.60263228
  32.52251911  33.17343593  32.29268479  32.43945765  32.89897299
  32.65539122  32.39465237  32.30460286  32.67476082  32.51049519]
average time
32.70900931596756
time std
0.6221627761819716

                      precision    recall  f1-score   support

       AddToPlaylist       0.97      0.98      0.97     43686
      BookRestaurant       0.98      0.99      0.99     45992
          GetWeather       0.98      0.99      0.98     46514
           PlayMusic       0.91      0.95      0.93     46247
            RateBook       0.99      1.00      0.99     44272
  SearchCreativeWork       0.95      0.87      0.91     43994
SearchScreeningEvent       0.96      0.95      0.95     43108

         avg / total       0.96      0.96      0.96    313813
