EXTRACTED INFO

confusion_matrix
[[   0   15   17 3347    0  275   20]
 [  97    0   41  829    0  256   84]
 [   0  293    0  921    0  178  164]
 [ 428    0   23    0    0  514    2]
 [ 152   23    7  608    0  149   50]
 [ 192   37  218 4386    0    0  683]
 [ 133   59  173 1373    0 1331    0]]

means
[ 0.94394904  0.95605096  0.95573248  0.95318471  0.93831895  0.94055609
  0.95159236  0.93121019  0.95350318  0.93917197  0.94235669  0.94822627
  0.93375796  0.9566879   0.94649682  0.95414013  0.93216561  0.92643312
  0.93821656  0.94886545  0.94151486  0.95127389  0.95063694  0.94203822
  0.94458599  0.93064877  0.95717482  0.93216561  0.95636943  0.94140127
  0.95923567  0.94872611  0.95302013  0.95828025  0.95063694  0.9366242
  0.9433121   0.93726115  0.95365932  0.95955414  0.95270054  0.94407159
  0.94458599  0.94968153  0.92484076  0.95764331  0.95589645  0.95318471
  0.93949045  0.95031847  0.94918504  0.96178344  0.9410828   0.95254777
  0.9542985   0.92802548  0.93821656  0.95063694  0.96242038  0.93216561
  0.95573248  0.9544586   0.94822627  0.93694268  0.92611465  0.95142218
  0.96452541  0.94745223  0.94458599  0.93726115  0.96050955  0.95127389
  0.95605096  0.93821656  0.9191435   0.9522293   0.94458599  0.92834395
  0.94936306  0.94617834  0.95333973  0.94681529  0.9388535   0.94140127
  0.91115372  0.94694791  0.94585987  0.95796178  0.92229299  0.94267516
  0.94713376  0.93853503  0.95191083  0.94235669  0.95286624  0.95127389
  0.94630872  0.96178344  0.93025478  0.93288591]

average
0.945567398062

std
0.0104238898207
