EXTRACTED INFO

confusion_matrix
[[32691    67     0 10721     5   119     0]
 [   28 40891   107  5028     0   193    51]
 [    0   353 41545  4397     0   137    70]
 [  621    35     0 45446     2   335     0]
 [   34    23     0  7438 36334   256     0]
 [   36    37   361 11591     0 31803   335]
 [    2   106   260  4711     0   991 36686]]

score means
[ 0.85031847  0.8544586   0.86033877  0.84363057  0.84659636  0.84585987
  0.84363057  0.83821656  0.84394904  0.84904459  0.84522293  0.84713376
  0.85107063  0.84363057  0.8566879   0.8388535   0.85075104  0.83668904
  0.83375796  0.85159236  0.84363057  0.84808917  0.8433121   0.84872611
  0.8410828   0.84585987  0.8485139   0.83757962  0.84872611  0.84936306
  0.8433121   0.85159236  0.84435922  0.84244167  0.85382166  0.85573248
  0.84522293  0.85636943  0.85063694  0.85955414  0.84171975  0.84235669
  0.84617834  0.85318471  0.83349313  0.84458599  0.85382166  0.85095541
  0.85541401  0.84458599  0.8433121   0.83694268  0.84458599  0.84808917
  0.85382166  0.85382166  0.85159236  0.83732822  0.84713376  0.84235669
  0.83636945  0.83248408  0.84490446  0.84267516  0.84363057  0.84713376
  0.84171975  0.83598726  0.85286624  0.84490446  0.84490446  0.83566879
  0.83949045  0.83509108  0.84140127  0.84394904  0.8433121   0.84968153
  0.84171975  0.85127389  0.8522293   0.83980892  0.8410828   0.84490446
  0.84904459  0.84627677  0.83757962  0.84840764  0.84681529  0.83407643
  0.84363057  0.85573248  0.84235669  0.8522293   0.85159236  0.83892617
  0.85159236  0.83853503  0.84394904  0.83980892]
average score
0.8456238557321788
score std
0.006163531924638226

execution times
[ 79.54833817  78.543782    79.02106977  79.01958871  79.4028759
  79.93428969  79.39207745  79.4617064   79.78027272  79.82192755
  79.49498272  79.3603158   79.17767739  79.24417019  79.93091631
  79.22453856  79.46281385  78.55560327  79.61070037  79.53803253
  79.2173233   80.02887845  79.78495526  79.00300503  79.7822721
  79.1400702   79.97775412  79.64521241  79.7988379   79.61841726
  79.84830284  79.81586742  79.42476439  79.20975041  80.95345569
  79.9654417   79.99096727  78.96785021  80.1579535   79.96579051
  79.75675035  79.36702299  79.28875279  80.13081813  79.34572744
  79.65899396  80.19664478  79.58691311  79.71489024  80.33486104
  79.09010339  79.47990847  79.84059596  79.29869008  79.66813326
  79.65588665  79.26960278  79.71344686  79.02701569  79.97613001
  80.03948736  79.98792911  79.31911016  79.67405367  79.60656166
  80.25388718  79.8294158   80.06830597  80.29889011  79.74090195
  79.60145926  80.45023155  79.99251628  79.34093666  79.86216235
  80.01584768  80.2309618   79.39588547  79.65284395  79.65008736
  80.25904131  79.76591229  80.14078593  79.76256466  80.07954669
  80.7090652   80.49496293  80.7383163   79.87641811  80.11212802
  79.9695313   79.33722782  79.47926545  80.31483078  79.77473903
  79.0059588   79.64897203  79.84084415  79.44879365  79.64761662]
average time
79.6964143371582
time std
0.4347196881244408

                      precision    recall  f1-score   support

       AddToPlaylist       0.98      0.75      0.85     43603
      BookRestaurant       0.99      0.88      0.93     46298
          GetWeather       0.98      0.89      0.94     46502
           PlayMusic       0.51      0.98      0.67     46439
            RateBook       1.00      0.82      0.90     44085
  SearchCreativeWork       0.94      0.72      0.82     44163
SearchScreeningEvent       0.99      0.86      0.92     42756

         avg / total       0.91      0.85      0.86    313846
