EXTRACTED INFO

confusion_matrix
[[43193    15   137   154    32    18    17]
 [    0 45881    87     0     0   186     5]
 [    0   284 45922     0     8    43    38]
 [  348    14    89 45231    89   397    83]
 [   21    59    34     0 44130    82     1]
 [    0   249   270  1737    68 41495   637]
 [    0     0   276   210    33  1200 41007]]

score means
[ 0.97834395  0.97898089  0.97675159  0.97826782  0.97611465  0.98248408
  0.97611465  0.97707006  0.98114414  0.97707006  0.97452229  0.97388535
  0.97961783  0.97388535  0.97802548  0.97986577  0.97834395  0.97738854
  0.97675159  0.97954618  0.97898089  0.97961783  0.97866242  0.98121019
  0.97388535  0.97388535  0.97738854  0.97770701  0.97292994  0.97707006
  0.97802548  0.98152866  0.97954618  0.97707006  0.978907    0.97730904
  0.97707006  0.97770701  0.98057325  0.98057325  0.97738854  0.97898089
  0.97292994  0.97834395  0.97356688  0.97961783  0.98248408  0.97993631
  0.97730904  0.97484076  0.97411314  0.97547771  0.97929936  0.97961783
  0.97866242  0.97707006  0.97635027  0.97770701  0.97475232  0.97866242
  0.97770701  0.98082454  0.98025478  0.97643312  0.98146373  0.98025478
  0.97802548  0.97961783  0.97993631  0.97834395  0.97738854  0.97698945
  0.97643312  0.97826782  0.98057325  0.97802548  0.97515924  0.97866242
  0.9753915   0.97802548  0.98184713  0.97738854  0.97898089  0.98216561
  0.97738854  0.98280255  0.97675159  0.97993631  0.98184713  0.98082454
  0.97515924  0.97698945  0.97579618  0.97762864  0.97611465  0.97866242
  0.9753915   0.97643312  0.97866242  0.97484076]
average score
0.9779432156139505
score std
0.0022727679475037857

execution times
[ 14.56616473  14.45965052  14.47793031  14.44441319  14.41535854
  14.30031252  14.33721828  14.37852573  14.23309374  14.59448624
  14.64524674  14.41906309  14.93808889  14.35361075  14.22776198
  14.33608317  14.39418268  14.29974151  14.2527442   14.31899595
  14.35187864  14.25719762  14.2757535   14.32858276  14.26735377
  14.50074673  14.55390763  14.241117    14.80595422  14.24187708
  14.2869854   14.31799769  14.48482203  14.41976905  14.68062901
  15.60530353  14.39274311  14.25131035  14.74949932  14.39458823
  14.61703968  14.33231044  14.3074789   14.21663857  14.28951216
  15.04403901  14.53429198  14.28630948  14.1671474   14.42704511
  14.37976909  14.48576164  14.2947979   14.78604913  14.365623
  14.37800312  14.73532367  14.40054011  14.48222303  14.32221079
  14.32495713  14.55247951  14.21567321  14.57837439  14.44336414
  14.23684549  14.47749138  14.38639569  14.28592038  14.33532143
  14.30568957  14.41195846  14.30972958  14.42534614  14.50741243
  14.27733684  14.4303503   14.37856746  14.39207077  14.49250746
  14.29039812  14.42516923  14.82597661  14.22599363  14.54166555
  14.57301164  15.50824571  14.40505409  14.41034126  14.336236    14.5174408
  14.26207089  14.25197148  14.64882088  14.25656486  14.50029063
  14.5769558   14.28711247  14.32852912  14.43917656]
average time
14.440316207408905
time std
0.228060773510665

                      precision    recall  f1-score   support

       AddToPlaylist       0.99      0.99      0.99     43566
      BookRestaurant       0.99      0.99      0.99     46159
          GetWeather       0.98      0.99      0.99     46295
           PlayMusic       0.96      0.98      0.97     46251
            RateBook       0.99      1.00      1.00     44327
  SearchCreativeWork       0.96      0.93      0.94     44456
SearchScreeningEvent       0.98      0.96      0.97     42726

         avg / total       0.98      0.98      0.98    313780
