EXTRACTED INFO

confusion_matrix
[[42460     0   110   863     8   274    21]
 [    1 44341   337     0   416   983   133]
 [    0   345 44504     0   833   587   278]
 [ 1116    25   244 43328    26  1376    21]
 [   38   431   751     0 43034    26     3]
 [  102   898  1744  2440    55 36790  1971]
 [   20   130  1158   104    35  3305 38082]]

score means
[ 0.93630573  0.92229299  0.93927772  0.93312102  0.93416427  0.93184713
  0.92866242  0.9343949   0.92993631  0.92425695  0.92993631  0.93407643
  0.93343949  0.93407643  0.92579618  0.93535032  0.93343949  0.93566879
  0.93343949  0.94267516  0.93160754  0.93544263  0.92233941  0.92961783
  0.93694268  0.93248408  0.93184713  0.92866242  0.93757962  0.93224672
  0.93448386  0.93184713  0.93192713  0.91818472  0.9388535   0.93248408
  0.93280255  0.93535032  0.91592357  0.9410828   0.93949045  0.93694268
  0.92261146  0.92201981  0.93471338  0.92457654  0.92993631  0.93694268
  0.92393736  0.92961783  0.93064877  0.9410828   0.93312102  0.93121019
  0.93448386  0.93152866  0.92961783  0.93057325  0.92675159  0.9366242
  0.93726115  0.92515924  0.936721    0.92452229  0.92937041  0.93576222
  0.93152866  0.92993631  0.92898089  0.92006369  0.93184713  0.93343949
  0.93184713  0.94235669  0.92969     0.93121019  0.92484076  0.93917197
  0.92738854  0.9402365   0.93407643  0.94044586  0.92197452  0.93598726
  0.93917197  0.93821656  0.93089172  0.94426752  0.93608182  0.93503185
  0.93566879  0.93566879  0.93025478  0.93535032  0.93598726  0.93280255
  0.93895813  0.9343949   0.93089172  0.93256632]
average score
0.9324032128048071
score std
0.005474782611823776

execution times
[ 3.67513657  3.19200563  3.12525606  3.85204244  3.1086266   3.29770398
  3.1191349   2.95145559  3.68320799  3.53799796  4.04192591  3.52046561
  2.69858599  3.34736943  2.19245577  3.17548585  3.43301582  3.7175138
  2.27247643  3.07041597  4.29242015  3.09100294  2.94575667  2.62914038
  2.74483752  3.802912    3.40793657  2.38155317  3.02094889  3.36029553
  2.94078422  2.90102005  3.17101574  3.5696702   4.16451001  2.91404033
  2.43517327  4.13156843  3.17519617  3.61586928  3.61975813  4.70350814
  3.0119133   3.59345603  3.88588309  3.11821961  2.68791652  3.06520104
  3.14043832  3.58229542  4.12895298  3.50977278  3.12556696  3.84639001
  2.95066667  3.37387872  3.09785199  2.50303006  2.86928201  3.6217947
  4.22920156  2.22750568  2.71372104  2.66680217  2.93151975  3.19078779
  2.55159283  2.87730122  2.9085567   2.72534108  3.42902088  2.87861753
  2.67283583  3.69229603  3.20289063  2.64920163  2.85579753  3.96201396
  2.82166052  3.72722936  3.15530705  3.05529976  2.63812304  3.73141432
  4.58101654  4.10381889  3.87320542  4.94749784  3.29670811  2.99018335
  2.03731537  3.01469803  2.65223312  2.70759225  4.12594271  3.4557457
  4.03530717  2.66008234  4.64960837  3.10815263]
average time
3.268768520355225
time std
0.5828177528826278

                      precision    recall  f1-score   support

       AddToPlaylist       0.97      0.97      0.97     43736
      BookRestaurant       0.96      0.96      0.96     46211
          GetWeather       0.91      0.96      0.93     46547
           PlayMusic       0.93      0.94      0.93     46136
            RateBook       0.97      0.97      0.97     44283
  SearchCreativeWork       0.85      0.84      0.84     44000
SearchScreeningEvent       0.94      0.89      0.91     42834

         avg / total       0.93      0.93      0.93    313747
