EXTRACTED INFO

confusion_matrix
[[42754     0   133   648    13   212    32]
 [    0 44642   266     3   349   737   235]
 [    0   413 44357     6   748   531   389]
 [  842    37   260 44317    33   808    74]
 [   21   375   533     0 43111    64     1]
 [  119   968  2021  2295    54 37159  1392]
 [   26   166  1201   110    45  2387 38904]]

score means
[ 0.94203822  0.93863854  0.94694791  0.93726115  0.9433121   0.94171975
  0.93630573  0.94471077  0.93694268  0.94840764  0.94617834  0.94076433
  0.94203822  0.94918504  0.9477707   0.94363057  0.94394904  0.93831895
  0.94267516  0.94055609  0.9366242   0.94503036  0.93821656  0.94490446
  0.94968153  0.94426752  0.94044586  0.94267516  0.93512304  0.93566879
  0.93512304  0.94458599  0.94617834  0.94044586  0.94171975  0.93280255
  0.94267516  0.94235669  0.93694268  0.94617834  0.94140127  0.94012739
  0.94426752  0.94076433  0.94299363  0.9410828   0.94617834  0.93821656
  0.93598726  0.93343949  0.93821656  0.93927772  0.94171975  0.92834395
  0.94745223  0.9410828   0.93503185  0.93917197  0.93927772  0.94363057
  0.93949045  0.93089172  0.94426752  0.94790668  0.93598726  0.93384468
  0.9455414   0.93853503  0.9410828   0.95127389  0.93736018  0.93608182
  0.94267516  0.93726115  0.94140127  0.94215404  0.94426752  0.94630872
  0.95063694  0.94203822  0.95        0.94407159  0.93152866  0.94745223
  0.93949045  0.94044586  0.93853503  0.9343949   0.93853503  0.94267516
  0.92929936  0.9477707   0.94044586  0.9402365   0.9433121   0.93184713
  0.93184713  0.93566879  0.94044586  0.94171975]
average score
0.9408938907243314
score std
0.004856124538979178

execution times
[ 3.2798202   2.86370158  4.47014928  3.01973176  4.22374439  3.21701646
  2.53459239  3.7344625   3.40046096  3.71734262  2.72285271  2.63546133
  3.8472507   3.94251347  3.67764211  2.79156518  3.51223898  3.0041635
  3.55047441  3.8818891   1.82372594  3.58920908  2.70935702  3.55213571
  3.56219769  3.47293591  2.79104781  3.67747808  2.59846854  3.03998065
  2.85800552  2.83696651  4.54012489  3.44965291  4.30021572  3.33044839
  4.33485413  2.68371153  2.15821838  3.04690194  3.1194396   3.73717713
  3.00458479  3.82281113  2.93603683  2.74511409  2.38372922  2.48301077
  2.90426445  3.26066041  3.15709877  2.47991395  3.91641998  3.09187722
  3.63871908  2.58872914  2.91375899  3.35373688  2.54724813  3.14180994
  2.45231915  3.26507592  2.56265807  3.6418488   2.98418021  2.72219586
  2.69618702  2.72722507  3.30287647  5.10045338  2.53391242  3.27936292
  2.80319357  2.11132407  2.49952888  3.96694183  3.66993952  4.31007934
  4.27708173  2.71203899  3.13249302  3.3157177   2.4895587   3.92373633
  2.97084951  2.24760914  2.49204636  3.5812273   3.21930695  2.96497917
  3.18864441  3.65182996  3.24960279  2.82384682  3.95953298  2.41676664
  3.07878566  2.43172574  3.91129541  4.73914981]
average time
3.2101597809791564
time std
0.6267019219864209

                      precision    recall  f1-score   support

       AddToPlaylist       0.98      0.98      0.98     43792
      BookRestaurant       0.96      0.97      0.96     46232
          GetWeather       0.91      0.96      0.93     46444
           PlayMusic       0.94      0.96      0.95     46371
            RateBook       0.97      0.98      0.97     44105
  SearchCreativeWork       0.89      0.84      0.87     44008
SearchScreeningEvent       0.95      0.91      0.93     42839

         avg / total       0.94      0.94      0.94    313791
