EXTRACTED INFO

confusion_matrix
[[42730     0    89   485     2   348    17]
 [    0 44442   351     0   515   985   122]
 [    0   319 44131     0   694   920    91]
 [  652     7   212 44088    51  1295    88]
 [   11   723   386     0 42889    47    22]
 [   69   829  1958  2200   119 37811  1193]
 [    6   165   721   114    72  2524 39276]]

score means
[ 0.93608182  0.95        0.94458599  0.94140127  0.94713376  0.94044586
  0.94363057  0.93726115  0.94235669  0.93736018  0.93821656  0.94490446
  0.93598726  0.9388535   0.94299363  0.94745223  0.94299363  0.93630573
  0.93821656  0.94203822  0.94247363  0.94808917  0.94363057  0.93799936
  0.94886545  0.94713376  0.93025478  0.93025478  0.93757962  0.93608182
  0.93503185  0.94183445  0.93980892  0.94808917  0.9410828   0.94183445
  0.95159236  0.94299363  0.94363057  0.93980892  0.94617834  0.9388535
  0.94745223  0.94203822  0.92961783  0.95031847  0.94012739  0.9366242
  0.9410828   0.9433121   0.95270054  0.94745223  0.93821656  0.9472675
  0.93152866  0.92292994  0.93576222  0.9455414   0.9455414   0.9455414
  0.94140127  0.94363057  0.94522293  0.94171975  0.94055609  0.93704059
  0.94394904  0.95063694  0.93726115  0.94490446  0.936721    0.92993631
  0.94171975  0.9343949   0.93503185  0.9402365   0.94140127  0.93480345
  0.93991691  0.93821656  0.93448386  0.93799936  0.94363057  0.93726115
  0.95318471  0.94585987  0.94758709  0.93184713  0.94458599  0.94968153
  0.94076433  0.9477707   0.94585987  0.94171975  0.94585987  0.93949045
  0.94299363  0.94311282  0.93821656  0.94012739]
average score
0.9413511398403674
score std
0.005496418653573151

execution times
[ 3.09154749  4.09861684  3.15915251  2.40576863  3.87961364  3.70871902
  2.8317523   3.31632686  3.49056077  2.5616684   3.68826461  3.19660258
  2.18817139  2.9929688   3.25024629  4.41450524  3.86683798  2.65608501
  4.45331311  3.88833427  3.51158381  4.00908494  3.85098195  3.29851747
  3.20933342  3.17394209  3.55494261  3.31572247  2.46127343  3.91939378
  4.42524195  2.96951628  3.49817276  4.08481073  3.98618555  3.69418979
  3.49407458  3.68844008  2.86319208  3.6858809   3.83345199  2.99215794
  3.2819562   3.70562291  2.93156648  3.68534184  3.50705457  2.12468171
  2.42720199  3.8562758   3.87641597  3.38042116  2.84913492  4.42013216
  2.63431263  2.48855233  3.37521529  4.04786897  2.38101888  3.76598525
  4.46734858  4.23440528  4.20335221  4.16614461  2.34729362  3.5834291
  2.94413829  4.54203582  2.46443772  3.19075584  2.88755608  2.32338405
  3.05361962  2.79719186  3.49981666  2.9502008   3.44619846  1.90966463
  3.3043232   3.76016688  4.05307531  4.01943779  3.47876287  4.24392629
  3.2570982   2.90876436  4.83550048  2.37444901  2.62517786  4.24912739
  4.49926543  3.95284152  3.77208233  3.27796412  4.570719    3.38720679
  4.30695868  3.74710989  2.6248498   3.28634024]
average time
3.4294402599334717
time std
0.6510600782801336

                      precision    recall  f1-score   support

       AddToPlaylist       0.98      0.98      0.98     43671
      BookRestaurant       0.96      0.96      0.96     46415
          GetWeather       0.92      0.96      0.94     46155
           PlayMusic       0.94      0.95      0.95     46393
            RateBook       0.97      0.97      0.97     44078
  SearchCreativeWork       0.86      0.86      0.86     44179
SearchScreeningEvent       0.96      0.92      0.94     42878

         avg / total       0.94      0.94      0.94    313769
