EXTRACTED INFO

confusion_matrix
[[42554     0   182   331    29   319    47]
 [    4 44697   305     3   310   713   219]
 [   19   324 45474     7   490   325   157]
 [  803    17   296 43821    25   998    86]
 [    0   379   323     0 43293    62     3]
 [  183  1183  1355  2190   115 37649  1377]
 [    7   204  1063   131    29  2672 39040]]

score means
[ 0.93789809  0.92707006  0.94363057  0.94822627  0.93736018  0.94598913
  0.94140127  0.94458599  0.93694268  0.94267516  0.92547771  0.94426752
  0.94140127  0.93757962  0.93927772  0.94311282  0.95063694  0.95095541
  0.9410828   0.94630872  0.95191083  0.94649682  0.94439118  0.94872611
  0.94904459  0.94649682  0.9522293   0.95350318  0.94363057  0.94426752
  0.94840764  0.94950463  0.94872611  0.95414013  0.94534995  0.94585987
  0.94458599  0.94522293  0.9433121   0.95318471  0.94840764  0.94758709
  0.94904459  0.93917197  0.94490446  0.94171975  0.94267516  0.94299363
  0.9388535   0.93566879  0.94183445  0.94872611  0.94267516  0.9455414
  0.9433121   0.94968153  0.95127389  0.94872611  0.95110259  0.94968153
  0.92770701  0.94171975  0.9410828   0.95350318  0.94808917  0.94490446
  0.95063694  0.94745223  0.95318471  0.94171975  0.94490446  0.94649682
  0.95095541  0.94426752  0.94936306  0.94044586  0.95286624  0.94713376
  0.94203822  0.9366242   0.94713376  0.9402365   0.95414013  0.94394904
  0.94585987  0.94044586  0.94808917  0.9410828   0.94171975  0.93152866
  0.94140127  0.95477707  0.94407159  0.94649682  0.95046341  0.95333973
  0.94617834  0.94872611  0.93694268  0.94183445]
average score
0.9449196493456528
score std
0.005731358122331365

execution times
[ 2.92565203  2.44188881  3.46089101  3.30709553  2.16522694  2.82841444
  4.18733764  3.03475475  2.96123147  3.65772605  2.67803288  3.92523479
  3.55065823  2.72675657  3.21251774  4.34161305  2.84873724  3.47270656
  3.2359786   3.6140995   4.58501577  3.78302336  2.81048608  2.68430996
  3.90326238  3.04749608  4.00854874  4.93643069  4.25283337  3.03892684
  3.8191998   3.95951891  3.3599472   3.42975116  3.17645407  2.83976984
  2.85233092  3.53591466  3.31403899  4.9326973   3.63549113  3.14936256
  3.81190133  2.41390991  3.37422585  3.41432309  3.20792866  4.53433108
  3.18869019  2.3208499   2.93469572  3.67912698  3.11460686  4.51775551
  3.97044444  3.51337099  3.90904212  4.00838614  3.98822808  3.53288054
  2.52114511  3.66525722  2.82796502  3.02812696  4.33980584  3.63177395
  4.18895602  4.09083843  4.11284494  3.04411221  3.31467509  3.81145716
  3.49466276  2.98985577  4.16461968  3.86182904  4.6133182   3.41678381
  3.83422351  2.91277027  3.1801362   2.86797261  4.65811539  2.71195769
  3.33569956  2.57020736  4.35979962  3.20286703  3.27982688  2.42245483
  3.14877963  4.87276912  2.9861362   3.83458138  4.30391002  4.55977154
  4.0211482   4.18702173  3.49231791  3.66688442]
average time
3.5059343934059144
time std
0.632538783240987

                      precision    recall  f1-score   support

       AddToPlaylist       0.98      0.98      0.98     43462
      BookRestaurant       0.95      0.97      0.96     46251
          GetWeather       0.93      0.97      0.95     46796
           PlayMusic       0.94      0.95      0.95     46046
            RateBook       0.98      0.98      0.98     44060
  SearchCreativeWork       0.88      0.85      0.87     44052
SearchScreeningEvent       0.95      0.90      0.93     43146

         avg / total       0.94      0.94      0.94    313813
