EXTRACTED INFO

confusion_matrix
[[42652     1   172   515    28   287    48]
 [    0 44847   288    26   267   711   198]
 [    5   376 44631     6   675   493   189]
 [ 1340    33   284 43408    40   977    76]
 [    1   289   355     0 43672    79     0]
 [  209  1151  1906  2268    96 36817  1555]
 [   17   158  1233    96    19  2879 38418]]

score means
[ 0.94267516  0.93121019  0.94171975  0.9433121   0.94394904  0.93280255
  0.93991691  0.94076433  0.93216561  0.94012739  0.93184713  0.94012739
  0.93917197  0.94044586  0.94055609  0.94044586  0.93535032  0.93917197
  0.94267516  0.94522293  0.93980892  0.94183445  0.93991691  0.94235669
  0.94662832  0.93152866  0.93917197  0.94203822  0.94235669  0.93416427
  0.94872611  0.92547771  0.9455414   0.94171975  0.94203822  0.92420382
  0.93853503  0.94076433  0.93598726  0.92929936  0.94299363  0.93503185
  0.94394904  0.94822627  0.93343949  0.94299363  0.94012739  0.93375796
  0.93757962  0.93949045  0.93640141  0.93757962  0.94235669  0.93057325
  0.93927772  0.93853503  0.94713376  0.92937041  0.93831895  0.93853503
  0.93248408  0.93343949  0.9366242   0.93726115  0.92010227  0.93566879
  0.94311282  0.94617834  0.93980892  0.93980892  0.9366242   0.93949045
  0.92898089  0.92515924  0.92261146  0.93566879  0.93949045  0.93471338
  0.93503185  0.93927772  0.94649682  0.93704059  0.93726115  0.94585987
  0.9410828   0.94012739  0.9366242   0.93184713  0.94299363  0.94808917
  0.93471338  0.9455414   0.94171975  0.93598726  0.94012739  0.92961783
  0.94183445  0.94311282  0.94343241  0.93831895]
average score
0.9383479276462432
score std
0.005677438623317359

execution times
[ 3.60970259  4.20168042  4.14598107  5.55459881  4.25624442  3.27688098
  4.48653054  5.08922219  4.79736876  4.40119123  2.76842737  4.61985373
  3.0891521   4.46571755  4.13161588  4.0214324   3.35375404  4.00332117
  3.64074183  3.93221378  3.64838791  4.77810311  4.63677526  5.00402641
  5.51914644  3.19374657  4.00546312  3.77393413  3.65511131  4.12140751
  3.71215653  3.22438669  5.81664658  4.01253772  4.50421214  3.91828442
  4.50100279  4.14916587  3.78131199  3.4533124   4.67503381  4.11077619
  4.10198236  4.83010793  3.20565128  3.87794471  3.44451046  3.97845387
  3.69792604  4.5139823   3.43709064  3.66978097  4.50667405  3.26914907
  3.7059412   2.67806315  5.71891999  2.34392595  4.09564304  3.89216018
  5.26533175  3.44531608  3.8902359   4.26769853  3.46481276  3.87256646
  4.32703638  5.038836    3.30033159  3.83284926  4.92782474  3.50296402
  2.90336967  3.58109951  2.66903377  4.95801282  4.21918774  3.83198285
  3.90863466  4.9951036   5.1659472   4.94062924  3.58625126  4.02105403
  4.92860723  4.98254752  3.76047993  4.03861928  3.81304097  5.64104939
  3.44214082  3.76312757  3.51682067  3.88267326  4.3405354   2.82324362
  3.22495651  3.51300788  3.54404664  4.92669559]
average time
4.050661690235138
time std
0.7169100678051207

                      precision    recall  f1-score   support

       AddToPlaylist       0.96      0.98      0.97     43703
      BookRestaurant       0.96      0.97      0.96     46337
          GetWeather       0.91      0.96      0.94     46375
           PlayMusic       0.94      0.94      0.94     46158
            RateBook       0.97      0.98      0.98     44396
  SearchCreativeWork       0.87      0.84      0.85     44002
SearchScreeningEvent       0.95      0.90      0.92     42820

         avg / total       0.94      0.94      0.94    313791
