EXTRACTED INFO

confusion_matrix
[[   0    6  164  707   23  553   67]
 [   5    0 2556  303  420  766  177]
 [   3  651    0  945   29 1655  522]
 [1017   12  798    0    5 1319   86]
 [  10  212    4    5    0   33    0]
 [  72   46 1679 3040  236    0 2699]
 [   1   20  825  499    0 2180    0]]

means
[ 0.95350318  0.92937041  0.94471077  0.80191083  0.91751592  0.95350318
  0.94235669  0.95973154  0.95414013  0.95095541  0.90414013  0.91974522
  0.87770701  0.94363057  0.91433121  0.94471077  0.90509554  0.93917197
  0.95987261  0.9611465   0.93184713  0.94585987  0.88726115  0.9611465
  0.89394904  0.92106104  0.94808917  0.88343949  0.91528662  0.95063694
  0.94936306  0.91783439  0.90220518  0.86305732  0.9191435   0.94076433
  0.9         0.89490446  0.92261146  0.95685523  0.9589172   0.90286624
  0.91496815  0.86496815  0.88980892  0.92038217  0.96740173  0.95        0.95
  0.95636943  0.8611465   0.94012739  0.94681529  0.88917197  0.95732484
  0.95254777  0.92834395  0.94598913  0.90191083  0.87887504  0.88152866
  0.85266858  0.92388535  0.80127389  0.9410828   0.95159236  0.91178344
  0.95174177  0.93375796  0.90380313  0.95286624  0.93216561  0.95159236
  0.9156051   0.9332055   0.84076433  0.92770701  0.92802548  0.92611465
  0.964845    0.89363057  0.89394904  0.94681529  0.94681529  0.92873122
  0.95509554  0.90541401  0.93630573  0.90605096  0.94745223  0.94872611
  0.8388535   0.9133758   0.94343241  0.93025478  0.93821656  0.94267516
  0.92165605  0.92420382  0.89267516]

average
0.922408386310109

std
0.033668041088783844