EXTRACTED INFO

confusion_matrix
[[41450     0     0  1052   890    19    26]
 [   16 44010  1696    19   474     0   170]
 [   17   328 44638    17  1288    17   387]
 [  990     0     0 39861   475  1600  3366]
 [    0    15     0     0 43940     0     0]
 [    3     9     0   172  5576 33310  5184]
 [    4     8    35     0  1212    39 41489]]

score means
[ 0.91974522  0.92170022  0.91687898  0.91594759  0.91401274  0.92356688
  0.92233941  0.92356688  0.91751592  0.92484076  0.91978268  0.92261146
  0.92388535  0.92356688  0.92261146  0.92006369  0.92866242  0.91528662
  0.91656051  0.92133758  0.92261146  0.92324841  0.91942675  0.91496815
  0.90987261  0.91754554  0.92425695  0.91433121  0.91528662  0.92165605
  0.92297859  0.91624204  0.91592357  0.92229299  0.92611465  0.91371045
  0.91496815  0.91496815  0.91082803  0.91369427  0.91019108  0.91878981
  0.93184713  0.9156051   0.92261146  0.91850431  0.92777245  0.91719745
  0.92292994  0.91624204  0.91019108  0.92261146  0.92579618  0.91783439
  0.92261146  0.92961783  0.91466922  0.91273885  0.92165605  0.91974522
  0.91464968  0.91369427  0.92133758  0.92070064  0.92324841  0.92873122
  0.93184713  0.91528662  0.92197452  0.91946309  0.92521572  0.91433121
  0.92420382  0.92038217  0.91878981  0.92356688  0.92292994  0.92585491
  0.92101911  0.91719745  0.91369427  0.92356688  0.92070064  0.93057325
  0.91910828  0.92707006  0.91847134  0.92484076  0.91719745  0.92165605
  0.92452229  0.91624204  0.91339086  0.92197452  0.92457654  0.91878981
  0.91719745  0.91687898  0.91690636  0.91974522]
average score
0.9200009770932697
score std
0.004831178966685783

execution times
[ 22.11487484  22.00753689  22.14341307  22.03485966  22.17688298
  22.09226656  22.09524584  22.08378673  22.04955244  21.98712611
  21.93026972  22.11647153  22.06022215  21.76208377  22.93588758
  21.97221231  22.13573813  21.76160622  22.06193852  22.01947069
  21.97486973  22.03003144  22.08754849  22.03171849  22.02452898
  21.94876862  22.09275222  21.81014824  22.16808724  21.98692679
  21.95445371  22.02909017  22.16293001  22.08395863  22.26796174
  21.98826194  21.90495014  21.99829984  22.15218854  22.19550395
  22.14324498  22.10425878  22.10352516  22.20289135  22.09185243
  22.11867952  22.01243615  22.2032516   22.12029576  22.0451982
  21.94879866  21.97993422  21.77143693  22.05845022  22.08796382
  22.14283848  22.07852149  22.03839016  22.04664469  21.94355178
  22.06792593  22.00810075  21.94502854  21.94265366  22.06066537
  22.1094718   21.98747659  22.0758853   22.16651988  22.05226445
  22.11248732  22.16845489  22.22470117  21.97523022  22.0037663
  22.21860862  22.03035045  21.96189642  22.10875487  22.0195961
  22.06169915  22.05694103  22.11845255  21.78642893  22.24602723
  22.01527143  22.06591225  21.97650146  21.98717833  21.95917988
  22.10476279  22.01533818  22.06471729  22.06090379  22.00867558
  22.06295705  22.12104177  22.20036507  22.05560565  22.08068681]
average time
22.059650738239288
time std
0.13193843741629546

                      precision    recall  f1-score   support

       AddToPlaylist       0.98      0.95      0.96     43437
      BookRestaurant       0.99      0.95      0.97     46385
          GetWeather       0.96      0.96      0.96     46692
           PlayMusic       0.97      0.86      0.91     46292
            RateBook       0.82      1.00      0.90     43955
  SearchCreativeWork       0.95      0.75      0.84     44254
SearchScreeningEvent       0.82      0.97      0.89     42787

         avg / total       0.93      0.92      0.92    313802
