EXTRACTED INFO

confusion_matrix
[[43230     0     1   181    18    53    18]
 [    0 44307  1031    20   558   186   119]
 [    0   930 44043    31    50  1255   197]
 [ 1210    23     0 44548     0   427     1]
 [    0     0     0     0 44275    25     0]
 [  148     0    46  1258   255 41894   399]
 [    1    68   107    73     0  1361 41367]]

score means
[ 0.97292994  0.96656051  0.96878981  0.97133758  0.96815287  0.97006369
  0.96847134  0.96783439  0.97420382  0.96910828  0.96324704  0.97101911
  0.96528662  0.96528662  0.96452541  0.96708213  0.96644295  0.97411314
  0.96388623  0.96592357  0.97165605  0.96899968  0.96687898  0.96974522
  0.96740173  0.96464968  0.96624204  0.96612336  0.97420382  0.96624204
  0.97165605  0.96931927  0.97283477  0.96719745  0.97006369  0.96740173
  0.96548418  0.96548418  0.96740173  0.96719745  0.97324841  0.97101911
  0.96433121  0.96783439  0.97006369  0.96751592  0.96719745  0.96528662
  0.96910828  0.96974522  0.96878981  0.96687898  0.97038217  0.96942675
  0.9633758   0.97006369  0.9656051   0.96878981  0.96580377  0.96516459
  0.9656051   0.96273885  0.96815287  0.96942675  0.96273885  0.96751592
  0.96452541  0.96687898  0.97070064  0.96433121  0.96772132  0.96624204
  0.96783439  0.97229299  0.96420582  0.96878981  0.96464968  0.96868009
  0.97070064  0.96942675  0.96624204  0.96708213  0.96719745  0.96963886
  0.96910828  0.9656051   0.97165605  0.97070064  0.96751592  0.96676254
  0.97006369  0.97006369  0.96974522  0.96164909  0.96942675  0.96963886
  0.96751592  0.96401274  0.97101911  0.96847134]
average score
0.9679635249046824
score std
0.0027087359072201327

execution times
[ 8.81989145  8.89150548  8.77585554  8.99050474  8.80597544  8.81768394
  8.85078096  8.75978065  8.80291581  8.89053607  8.87408328  8.84292173
  9.02115822  8.95357776  8.86456585  8.90359378  8.84097219  8.79443073
  8.91655397  8.9295609   9.01547265  8.86207914  8.83070445  8.9157722
  8.86079383  8.77339745  8.8394537   8.75258851  8.90602279  8.80718994
  8.90734172  8.78055978  8.92122674  8.83714485  8.87688494  9.00609851
  8.81787801  8.84516883  8.79269671  8.89854646  8.74837255  8.82457089
  8.85205984  8.77853513  8.96415663  8.87505245  8.80236197  8.76085496
  9.00561476  8.89389896  8.86427879  8.90946007  8.80266309  8.81036949
  8.85181403  8.9688406   8.87275648  8.92762184  8.93862724  8.96558452
  9.01753831  8.9361949   8.81571865  8.90369868  8.9261024   8.96569991
  8.84485769  8.78661919  9.01378822  8.96185708  8.93662143  8.90599966
  8.94196224  8.90437675  8.81515527  8.84355426  9.03723407  8.82228303
  8.7906301   8.82282877  8.80199289  8.83036375  8.94101071  8.80920601
  8.80075836  8.80840182  8.84169054  8.88744044  8.76854992  8.83380318
  8.79674125  8.76000381  8.99942112  8.88481593  8.95145512  8.93318677
  8.8196156   8.77225494  8.81473207  8.91385317]
average time
8.869733819961548
time std
0.07277915309051532

                      precision    recall  f1-score   support

       AddToPlaylist       0.97      0.99      0.98     43501
      BookRestaurant       0.98      0.96      0.97     46221
          GetWeather       0.97      0.95      0.96     46506
           PlayMusic       0.97      0.96      0.97     46209
            RateBook       0.98      1.00      0.99     44300
  SearchCreativeWork       0.93      0.95      0.94     44000
SearchScreeningEvent       0.98      0.96      0.97     42977

         avg / total       0.97      0.97      0.97    313714
