EXTRACTED INFO

confusion_matrix
[[ 38   0   0   0   0 335   0 146   0   0   0   0]
 [  2   0   0   0   0 102   0  15   0   0   0   0]
 [  0   0   0   0   0  90   0  22   0   0   0   0]
 [  0   0   0   0   0 190   0  13   0   0   0   0]
 [  0   0   0   0   0 135   0  20   0   0   0   0]
 [ 25   0   0   0   0 602   0 166   0   0   0   0]
 [  0   0   0   0   0  74   0  26   0   0   0   0]
 [ 46   0   0   0   0 517   0 148   0   0   0   0]
 [  0   0   0   0   0  69   0  10   0   0   0   0]
 [  0   0   0   0   0  39   0  19   0   0   0   0]
 [  0   0   0   0   0  66   0  20   0   0   0   0]
 [  0   0   0   0   0  61   0   4   0   0   0   0]]

score means
[ 0.2         0.26666667  0.16666667  0.5         0.16666667  0.4
  0.56666667  0.26666667  0.26666667  0.3         0.23333333  0.2
  0.23333333  0.2         0.1         0.13333333  0.2         0.13333333
  0.2         0.33333333  0.43333333  0.33333333  0.23333333  0.3
  0.23333333  0.3         0.43333333  0.16666667  0.2         0.36666667
  0.3         0.1         0.2         0.33333333  0.23333333  0.2         0.2
  0.26666667  0.4         0.13333333  0.46666667  0.26666667  0.26666667
  0.16666667  0.36666667  0.33333333  0.23333333  0.23333333  0.03333333
  0.26666667  0.33333333  0.23333333  0.23333333  0.26666667  0.13333333
  0.26666667  0.33333333  0.2         0.3         0.23333333  0.16666667
  0.06666667  0.3         0.06666667  0.3         0.26666667  0.16666667
  0.23333333  0.13333333  0.3         0.33333333  0.46666667  0.23333333
  0.3         0.36666667  0.1         0.23333333  0.13333333  0.3         0.3
  0.2         0.33333333  0.26666667  0.16666667  0.36666667  0.53333333
  0.26666667  0.23333333  0.36666667  0.13333333  0.23333333  0.26666667
  0.36666667  0.4         0.3         0.4         0.2         0.3
  0.33333333  0.23333333]
average score
0.2626666666666666
score std
0.1009158064923429

execution times
[ 0.21042109  0.19564795  0.21975803  0.199512    0.21378708  0.23685884
  0.19265103  0.20611286  0.19790006  0.22759914  0.1883111   0.21636391
  0.19970012  0.22000003  0.19483113  0.31493711  0.21623707  0.20031595
  0.20787597  0.19368219  0.19473004  0.19840574  0.18849397  0.19636488
  0.18969202  0.20620203  0.18906808  0.19450498  0.19765091  0.19540906
  0.20265794  0.18512297  0.18741179  0.21110702  0.20417094  0.19284916
  0.18793321  0.19458485  0.19551897  0.18835807  0.19696116  0.18896794
  0.19295716  0.19689488  0.199368    0.19381833  0.20627809  0.19651103
  0.19641805  0.1902988   0.19717693  0.19842196  0.19184113  0.19170403
  0.19408631  0.19155502  0.19626307  0.1904068   0.18959284  0.18920207
  0.19894695  0.1953342   0.190346    0.19529819  0.18341422  0.19611788
  0.19453096  0.1933918   0.19482589  0.1938417   0.19945288  0.18607306
  0.19283605  0.19305396  0.20051193  0.20396423  0.19110107  0.18731189
  0.19109416  0.19223404  0.19800115  0.21340203  0.19033074  0.19561815
  0.22444105  0.19281888  0.19978595  0.19427729  0.19433093  0.19114494
  0.1967032   0.19517279  0.21294212  0.19085479  0.18992996  0.19644332
  0.20937133  0.19096088  0.19405866  0.19705319]
average time
0.19882785320281982
time std
0.015009544373812021

             precision    recall  f1-score   support

        add       0.34      0.07      0.12       519
        bad       0.00      0.00      0.00       119
        bye       0.00      0.00      0.00       112
     cancel       0.00      0.00      0.00       203
     delete       0.00      0.00      0.00       155
        get       0.26      0.76      0.39       793
   greeting       0.00      0.00      0.00       100
       help       0.24      0.21      0.22       711
         ok       0.00      0.00      0.00        79
  saymyname       0.00      0.00      0.00        58
     thanks       0.00      0.00      0.00        86
    welcome       0.00      0.00      0.00        65

avg / total       0.19      0.26      0.18      3000
