EXTRACTED INFO

confusion_matrix
[[  7   0   0   0   0 385   0 131   0   0   0   0]
 [  1   0   0   0   0  73   0  32   0   0   0   0]
 [  1   0   0   0   0  73   0  31   0   0   0   0]
 [  2   0   0   0   0 130   0  33   0   0   0   0]
 [  0   0   0   0   0 109   0  16   0   0   0   0]
 [  9   0   0   0   0 652   0 168   0   0   0   0]
 [  0   0   0   0   0  87   0  11   0   0   0   0]
 [  4   0   0   0   0 560   0 130   0   0   0   0]
 [  2   0   0   0   0  68   0  26   0   0   0   0]
 [  0   0   0   0   0  49   0  25   0   0   0   0]
 [  0   0   0   0   0  86   0  15   0   0   0   0]
 [  0   0   0   0   0  71   0  13   0   0   0   0]]

score means
[ 0.3         0.26666667  0.26666667  0.3         0.13333333  0.33333333
  0.26666667  0.3         0.03333333  0.3         0.2         0.2         0.3
  0.23333333  0.4         0.2         0.23333333  0.33333333  0.26666667
  0.26666667  0.1         0.3         0.23333333  0.2         0.16666667
  0.23333333  0.33333333  0.26666667  0.46666667  0.23333333  0.16666667
  0.4         0.36666667  0.16666667  0.53333333  0.06666667  0.23333333
  0.2         0.23333333  0.33333333  0.4         0.43333333  0.36666667
  0.06666667  0.3         0.23333333  0.13333333  0.2         0.13333333
  0.26666667  0.13333333  0.3         0.16666667  0.33333333  0.33333333
  0.23333333  0.46666667  0.23333333  0.13333333  0.16666667  0.33333333
  0.26666667  0.23333333  0.23333333  0.26666667  0.3         0.43333333
  0.23333333  0.3         0.46666667  0.43333333  0.13333333  0.46666667
  0.36666667  0.33333333  0.33333333  0.06666667  0.1         0.33333333
  0.26666667  0.03333333  0.3         0.16666667  0.23333333  0.13333333
  0.26666667  0.46666667  0.43333333  0.3         0.26666667  0.3
  0.16666667  0.23333333  0.23333333  0.26666667  0.23333333  0.23333333
  0.23333333  0.06666667  0.43333333]
average score
0.26300000000000007
score std
0.10571397468851715

execution times
[ 0.2129209   0.24320674  0.2207768   0.21425676  0.24529791  0.23878217
  0.23254728  0.21900105  0.21525788  0.21022987  0.23475599  0.19880199
  0.25619817  0.20764279  0.21299362  0.20940089  0.20793581  0.21325517
  0.21774721  0.21107292  0.21163297  0.20721626  0.19829202  0.20303893
  0.21158314  0.21160769  0.20123696  0.2136519   0.21925807  0.1984477
  0.20092702  0.20722222  0.22164917  0.20667195  0.20199013  0.21328902
  0.21776581  0.20819807  0.20762014  0.19945288  0.20355082  0.20028377
  0.20119381  0.20690107  0.21452188  0.20811296  0.21350288  0.2055943
  0.21954799  0.20720315  0.2083962   0.20687318  0.21132588  0.20076227
  0.2068119   0.20613909  0.20010185  0.21970296  0.20286202  0.21248984
  0.21471834  0.19981003  0.20990205  0.20120192  0.19577074  0.20054674
  0.2035799   0.20572495  0.2023077   0.19830799  0.19892192  0.19981289
  0.20922399  0.19379282  0.20417929  0.19767022  0.21096301  0.20654893
  0.20322895  0.19953704  0.20535016  0.20771694  0.22072792  0.2172358
  0.21292615  0.40017509  0.46493578  0.41551495  0.56228209  1.17462897
  0.82993484  0.59116292  0.34654999  0.2330792   0.24167705  0.43817091
  0.2292757   0.21088815  0.22706199  0.22256303]
average time
0.2444631886482239
time std
0.1300906357665264

             precision    recall  f1-score   support

        add       0.27      0.01      0.03       523
        bad       0.00      0.00      0.00       106
        bye       0.00      0.00      0.00       105
     cancel       0.00      0.00      0.00       165
     delete       0.00      0.00      0.00       125
        get       0.28      0.79      0.41       829
   greeting       0.00      0.00      0.00        98
       help       0.21      0.19      0.20       694
         ok       0.00      0.00      0.00        96
  saymyname       0.00      0.00      0.00        74
     thanks       0.00      0.00      0.00       101
    welcome       0.00      0.00      0.00        84

avg / total       0.17      0.26      0.16      3000
