EXTRACTED INFO

confusion_matrix
[[  6   0   0   0   0 388   0 144   0   0   0   0]
 [  0   0   0   0   0  82   0  31   0   0   0   0]
 [  0   0   0   0   0  70   0  25   0   0   0   0]
 [  0   0   0   0   0 153   0  46   0   0   0   0]
 [  0   0   0   0   0 119   0  18   0   0   0   0]
 [  3   0   0   0   0 586   0 208   0   0   0   0]
 [  0   0   0   0   0  80   0  22   0   0   0   0]
 [  1   0   0   0   0 609   0 113   0   0   0   0]
 [  0   0   0   0   0  68   0  13   0   0   0   0]
 [  0   0   0   0   0  47   0  16   0   0   0   0]
 [  0   0   0   0   0  78   0  14   0   0   0   0]
 [  0   0   0   0   0  50   0  10   0   0   0   0]]

score means
[ 0.06666667  0.1         0.13333333  0.03333333  0.2         0.43333333
  0.2         0.16666667  0.3         0.06666667  0.43333333  0.2
  0.26666667  0.43333333  0.2         0.2         0.46666667  0.16666667
  0.23333333  0.1         0.33333333  0.13333333  0.3         0.06666667
  0.23333333  0.33333333  0.16666667  0.26666667  0.33333333  0.36666667
  0.4         0.03333333  0.26666667  0.1         0.33333333  0.03333333
  0.4         0.3         0.2         0.23333333  0.2         0.2
  0.03333333  0.16666667  0.16666667  0.33333333  0.36666667  0.13333333
  0.36666667  0.36666667  0.13333333  0.3         0.1         0.2
  0.13333333  0.16666667  0.1         0.36666667  0.1         0.1         0.2
  0.26666667  0.1         0.3         0.1         0.1         0.33333333
  0.3         0.16666667  0.26666667  0.36666667  0.2         0.16666667
  0.2         0.2         0.3         0.36666667  0.26666667  0.26666667
  0.2         0.3         0.2         0.2         0.2         0.23333333
  0.43333333  0.43333333  0.1         0.33333333  0.3         0.23333333
  0.2         0.5         0.3         0.33333333  0.3         0.26666667
  0.33333333  0.3         0.06666667]
average score
0.235
score std
0.11089284116759847

execution times
[ 0.29553699  0.30835676  0.2926228   0.36115909  0.38004088  0.47867179
  0.34645987  0.32550597  0.28197694  0.30122209  0.29001117  0.26848197
  0.28408194  0.29274225  0.32248712  0.32479906  0.32999992  0.33290505
  0.31078005  0.33491492  0.30064797  0.32793403  0.34037662  0.32070827
  0.38660312  0.34292817  0.37053013  0.29749608  0.43307018  0.36509109
  0.27724218  0.28713393  0.28771901  0.32157111  0.3060298   0.31691122
  0.36980939  0.60113811  0.30057406  0.28891397  0.29425693  0.31006527
  0.55553269  0.47464871  0.44883513  0.39251113  0.409899    0.38845682
  0.34700704  0.27628994  0.33952618  0.37880588  0.38348913  0.32590795
  0.31749797  0.34337592  0.30472803  0.29155684  0.28948188  0.29395294
  0.30120921  0.28207684  0.29885578  0.29586673  0.69098711  0.32475209
  0.33173203  0.30145097  0.28088188  0.31146216  0.43547487  0.33941412
  0.28711486  0.27742887  0.27673125  0.30145192  0.3055222   0.31522274
  0.28084183  0.3248558   0.39735103  0.29029298  0.3447721   0.30700707
  0.326406    0.33805084  0.29151177  0.29674911  0.31918597  0.33811927
  0.32246804  0.31061697  0.31531596  0.36133885  0.29476094  0.28394198
  0.29390097  0.38129735  0.29702401  0.45845294]
average time
0.3360290789604187
time std
0.06745295936291403

             precision    recall  f1-score   support

        add       0.60      0.01      0.02       538
        bad       0.00      0.00      0.00       113
        bye       0.00      0.00      0.00        95
     cancel       0.00      0.00      0.00       199
     delete       0.00      0.00      0.00       137
        get       0.25      0.74      0.37       797
   greeting       0.00      0.00      0.00       102
       help       0.17      0.16      0.16       723
         ok       0.00      0.00      0.00        81
  saymyname       0.00      0.00      0.00        63
     thanks       0.00      0.00      0.00        92
    welcome       0.00      0.00      0.00        60

avg / total       0.22      0.23      0.14      3000
