EXTRACTED INFO

confusion_matrix
[[ 10   0   0   0   0 439   0  75   0   0   0   0]
 [  0   0   0   0   0  65   0  31   0   0   0   0]
 [  0   0   0   0   0  86   0  12   0   0   0   0]
 [  0   0   0   0   0 141   0  26   0   0   0   0]
 [  0   0   0   0   0 140   0   9   0   0   0   0]
 [ 10   0   0   0   0 685   0 101   0   0   0   0]
 [  0   0   0   0   0  93   0  21   0   0   0   0]
 [ 12   0   0   0   0 648   0 119   0   0   0   0]
 [  0   0   0   0   0  55   0  24   0   0   0   0]
 [  0   0   0   0   0  50   0  13   0   0   0   0]
 [  0   0   0   0   0  73   0  11   0   0   0   0]
 [  0   0   0   0   0  44   0   7   0   0   0   0]]

score means
[ 0.16666667  0.4         0.4         0.2         0.36666667  0.26666667
  0.3         0.1         0.16666667  0.13333333  0.1         0.2
  0.43333333  0.26666667  0.4         0.36666667  0.33333333  0.3
  0.16666667  0.23333333  0.33333333  0.33333333  0.2         0.23333333
  0.23333333  0.1         0.36666667  0.26666667  0.1         0.13333333
  0.1         0.3         0.26666667  0.33333333  0.13333333  0.23333333
  0.13333333  0.13333333  0.3         0.46666667  0.4         0.43333333
  0.23333333  0.23333333  0.3         0.33333333  0.4         0.43333333
  0.16666667  0.33333333  0.26666667  0.26666667  0.33333333  0.46666667
  0.3         0.16666667  0.33333333  0.3         0.23333333  0.26666667
  0.26666667  0.36666667  0.23333333  0.13333333  0.2         0.1
  0.33333333  0.26666667  0.5         0.13333333  0.3         0.5         0.3
  0.23333333  0.26666667  0.13333333  0.23333333  0.36666667  0.5
  0.16666667  0.23333333  0.1         0.26666667  0.4         0.4         0.2
  0.26666667  0.33333333  0.3         0.16666667  0.4         0.33333333
  0.36666667  0.23333333  0.23333333  0.26666667  0.2         0.          0.4
  0.3       ]
average score
0.2713333333333333
score std
0.10604192043191639

execution times
[ 2.21587586  2.72323608  1.15442586  0.36583996  0.52433586  0.57500291
  0.443717    0.28540802  0.27135897  0.28021312  0.27525115  0.27089
  0.26135921  0.25926995  0.27742696  0.26653004  0.26622629  0.27760816
  0.25678611  0.28007436  0.29619002  0.37266874  0.33538413  0.25831723
  0.30151701  0.25561881  0.25595903  0.26726007  0.25582004  0.26090813
  0.26054907  0.27693081  0.2774682   0.29233813  0.28542399  0.29496408
  0.29472899  0.29840493  0.30056691  0.2802999   0.36145401  0.31444407
  0.32411909  0.32147884  0.34587598  0.55337381  0.35745668  0.2833569
  0.32537508  0.26026988  0.27047276  0.26855493  0.32102823  0.28708911
  0.30637908  0.26382208  0.30589104  0.25460601  0.26633811  0.26551104
  0.27030873  0.3221817   0.26694107  0.27550197  0.2622838   0.26541805
  0.33628607  0.33376813  0.28440785  0.27676272  0.27547598  0.30596614
  0.31472588  0.31785703  0.26214194  0.27133107  0.28702998  0.34316087
  0.27590823  0.29350185  0.3087852   0.36764216  0.37323189  0.36606193
  0.29077506  0.31701922  0.31494927  0.26676702  0.28983808  0.31116796
  0.30526495  0.30055308  0.30034924  0.30658102  0.28420615  0.28409696
  0.29452801  0.28083611  0.2915771   0.2944262 ]
average time
0.35498666524887085
time std
0.3204789866774022

             precision    recall  f1-score   support

        add       0.31      0.02      0.04       524
        bad       0.00      0.00      0.00        96
        bye       0.00      0.00      0.00        98
     cancel       0.00      0.00      0.00       167
     delete       0.00      0.00      0.00       149
        get       0.27      0.86      0.41       796
   greeting       0.00      0.00      0.00       114
       help       0.27      0.15      0.19       779
         ok       0.00      0.00      0.00        79
  saymyname       0.00      0.00      0.00        63
     thanks       0.00      0.00      0.00        84
    welcome       0.00      0.00      0.00        51

avg / total       0.20      0.27      0.17      3000
