EXTRACTED INFO

confusion_matrix
[[ 11   0   0   0   0 482   0  99   0   0   0   0]
 [  0   0   0   0   0  87   0  12   0   0   0   0]
 [  1   0   0   0   0  86   0  17   0   0   0   0]
 [  0   0   0   0   0 114   0  20   0   0   0   0]
 [  0   0   0   0   0 129   0  15   0   0   0   0]
 [  6   0   0   0   0 689   0  94   0   0   0   0]
 [  1   0   0   0   0  74   0  18   0   0   0   0]
 [  9   0   0   0   0 637   0 100   0   0   0   0]
 [  1   0   0   0   0  73   0   9   0   0   0   0]
 [  0   0   0   0   0  41   0  18   0   0   0   0]
 [  0   0   0   0   0  66   0  12   0   0   0   0]
 [  1   0   0   0   0  66   0  12   0   0   0   0]]

score means
[ 0.26666667  0.2         0.33333333  0.1         0.3         0.13333333
  0.46666667  0.23333333  0.23333333  0.33333333  0.16666667  0.26666667
  0.4         0.13333333  0.1         0.16666667  0.26666667  0.23333333
  0.2         0.3         0.2         0.33333333  0.3         0.23333333
  0.33333333  0.3         0.16666667  0.3         0.3         0.2
  0.33333333  0.16666667  0.33333333  0.33333333  0.4         0.2         0.2
  0.3         0.23333333  0.36666667  0.16666667  0.23333333  0.33333333
  0.4         0.4         0.36666667  0.33333333  0.23333333  0.2
  0.23333333  0.26666667  0.1         0.3         0.33333333  0.16666667
  0.16666667  0.36666667  0.26666667  0.1         0.26666667  0.26666667
  0.13333333  0.2         0.23333333  0.5         0.43333333  0.36666667
  0.36666667  0.23333333  0.26666667  0.2         0.3         0.26666667
  0.26666667  0.43333333  0.3         0.13333333  0.1         0.23333333
  0.2         0.36666667  0.16666667  0.33333333  0.43333333  0.26666667
  0.26666667  0.36666667  0.1         0.36666667  0.3         0.36666667
  0.3         0.3         0.1         0.23333333  0.23333333  0.1         0.4
  0.26666667  0.36666667]
average score
0.26666666666666666
score std
0.09285592184789412

execution times
[ 0.22057176  0.18772769  0.22402787  0.22637582  0.26454782  0.21068597
  0.22881222  0.21012902  0.19820166  0.2036891   0.19586396  0.19388413
  0.19116497  0.19367623  0.199646    0.19232368  0.19371486  0.20601511
  0.19892406  0.19670081  0.191396    0.20204902  0.20471907  0.18763518
  0.1979022   0.19770503  0.19661593  0.19560695  0.18974018  0.19600105
  0.19796824  0.19233298  0.18713903  0.19218493  0.19346118  0.19221306
  0.18836212  0.19177413  0.188627    0.19282818  0.18972898  0.19334817
  0.19345903  0.21124697  0.19733906  0.18830991  0.19287825  0.21218395
  0.19405103  0.19186306  0.21154404  0.19681287  0.20058703  0.19607687
  0.19797301  0.20717812  0.20787311  0.22093582  0.19430113  0.19800282
  0.20390487  0.19398093  0.19029021  0.20206094  0.19418502  0.1919601
  0.19976592  0.19849491  0.21318913  0.20129108  0.19307303  0.19323993
  0.20300126  0.19843698  0.19473004  0.20098495  0.19961095  0.19150209
  0.19628477  0.19788027  0.20908904  0.21044207  0.19480705  0.19057989
  0.19401693  0.20201206  0.19478512  0.22504616  0.19617915  0.20080304
  0.20142102  0.19229007  0.1924932   0.19623899  0.19422197  0.19791079
  0.19397688  0.20530605  0.20546985  0.19256687]
average time
0.1995616102218628
time std
0.010986876308012202

             precision    recall  f1-score   support

        add       0.37      0.02      0.04       592
        bad       0.00      0.00      0.00        99
        bye       0.00      0.00      0.00       104
     cancel       0.00      0.00      0.00       134
     delete       0.00      0.00      0.00       144
        get       0.27      0.87      0.41       789
   greeting       0.00      0.00      0.00        93
       help       0.23      0.13      0.17       746
         ok       0.00      0.00      0.00        83
  saymyname       0.00      0.00      0.00        59
     thanks       0.00      0.00      0.00        78
    welcome       0.00      0.00      0.00        79

avg / total       0.20      0.27      0.16      3000
