EXTRACTED INFO

confusion_matrix
[[  7   0   0   0   0 432   0 112   0   0   0   0]
 [  1   0   0   0   0  73   0  22   0   0   0   0]
 [  0   0   0   0   0  81   0  25   0   0   0   0]
 [  0   0   0   0   0 124   0  19   0   0   0   0]
 [  2   0   0   0   0 147   0  14   0   0   0   0]
 [  5   0   0   0   0 668   0 153   0   0   0   0]
 [  0   0   0   0   0  79   0  18   0   0   0   0]
 [ 13   0   0   0   0 571   0 153   0   0   0   0]
 [  1   0   0   0   0  83   0  11   0   0   0   0]
 [  0   0   0   0   0  44   0  14   0   0   0   0]
 [  0   0   0   0   0  57   0  10   0   0   0   0]
 [  0   0   0   0   0  56   0   5   0   0   0   0]]

score means
[ 0.33333333  0.36666667  0.2         0.4         0.26666667  0.16666667
  0.33333333  0.23333333  0.4         0.4         0.26666667  0.16666667
  0.4         0.1         0.5         0.3         0.3         0.4
  0.23333333  0.36666667  0.56666667  0.2         0.4         0.26666667
  0.23333333  0.16666667  0.43333333  0.26666667  0.3         0.36666667
  0.33333333  0.2         0.1         0.13333333  0.3         0.23333333
  0.16666667  0.1         0.1         0.23333333  0.46666667  0.3
  0.36666667  0.13333333  0.26666667  0.2         0.36666667  0.1
  0.16666667  0.23333333  0.1         0.36666667  0.23333333  0.43333333
  0.23333333  0.16666667  0.1         0.3         0.33333333  0.43333333
  0.3         0.2         0.26666667  0.56666667  0.1         0.3         0.1
  0.46666667  0.23333333  0.33333333  0.36666667  0.26666667  0.03333333
  0.43333333  0.3         0.4         0.26666667  0.26666667  0.2
  0.23333333  0.16666667  0.2         0.16666667  0.4         0.06666667
  0.36666667  0.5         0.36666667  0.16666667  0.26666667  0.26666667
  0.23333333  0.33333333  0.26666667  0.16666667  0.43333333  0.13333333
  0.5         0.23333333  0.2       ]
average score
0.276
score std
0.11700712229034037

execution times
[ 0.30317307  0.30041289  0.29182315  0.31598496  0.30918503  0.29810572
  0.32211781  0.4598949   0.28808284  0.367944    0.36137199  0.34611106
  0.32950234  0.34499621  0.27471423  0.38328791  0.31768394  0.37745404
  0.33092713  0.30743003  0.32066083  0.50490093  0.32582307  0.29621911
  0.2984488   0.28444314  0.34390926  0.31849289  0.346766    0.35074091
  0.2972579   0.49696016  0.33750129  0.34203792  0.33163118  0.35159492
  0.35526514  0.37125397  0.32081366  0.3235209   0.31141305  0.3589592
  0.33598208  0.37375879  0.2996707   0.36555409  0.30086589  0.43520784
  0.35985518  0.31526208  0.32066011  0.3390429   0.36370087  0.38350797
  0.34611297  0.34052396  0.43954587  0.35279298  0.34764791  0.41567898
  0.40662408  0.31714201  0.30105305  0.30120802  0.31537676  0.33100414
  0.49164104  0.30464101  0.43569875  0.3283      0.30340099  0.4338491
  0.35718894  0.3287549   0.32967877  0.29763007  0.32950807  0.39005375
  0.30002475  0.28578901  0.29898214  0.28108478  0.28150582  0.40296173
  0.50257421  0.92149305  0.366611    0.3236239   0.31447792  0.32747388
  1.46183324  0.43209124  0.37818599  0.355551    0.32596421  0.33300781
  0.42501807  0.34145188  0.43830585  0.33277702]
average time
0.3638773059844971
time std
0.13433921142673488

             precision    recall  f1-score   support

        add       0.24      0.01      0.02       551
        bad       0.00      0.00      0.00        96
        bye       0.00      0.00      0.00       106
     cancel       0.00      0.00      0.00       143
     delete       0.00      0.00      0.00       163
        get       0.28      0.81      0.41       826
   greeting       0.00      0.00      0.00        97
       help       0.28      0.21      0.24       737
         ok       0.00      0.00      0.00        95
  saymyname       0.00      0.00      0.00        58
     thanks       0.00      0.00      0.00        67
    welcome       0.00      0.00      0.00        61

avg / total       0.19      0.28      0.18      3000
