EXTRACTED INFO

confusion_matrix
[[  4   0   0   0   0 447   0  75   0   0   0   0]
 [  0   0   0   0   0  59   0  38   0   0   0   0]
 [  0   0   0   0   0  70   0  23   0   0   0   0]
 [  0   0   0   0   0 115   0  37   0   0   0   0]
 [  0   0   0   0   0 134   0  20   0   0   0   0]
 [ 12   0   0   0   0 673   0 155   0   0   0   0]
 [  0   0   0   0   0  97   0  14   0   0   0   0]
 [  3   0   0   0   0 590   0 123   0   0   0   0]
 [  0   0   0   0   0  69   0  11   0   0   0   0]
 [  0   0   0   0   0  57   0  19   0   0   0   0]
 [  0   0   0   0   0  77   0  10   0   0   0   0]
 [  0   0   0   0   0  51   0  17   0   0   0   0]]

score means
[ 0.36666667  0.13333333  0.3         0.26666667  0.2         0.16666667
  0.23333333  0.2         0.23333333  0.43333333  0.5         0.23333333
  0.26666667  0.2         0.2         0.3         0.23333333  0.26666667
  0.06666667  0.16666667  0.2         0.23333333  0.23333333  0.16666667
  0.13333333  0.2         0.26666667  0.26666667  0.1         0.3
  0.36666667  0.06666667  0.43333333  0.36666667  0.36666667  0.2
  0.16666667  0.23333333  0.23333333  0.23333333  0.46666667  0.1
  0.46666667  0.3         0.2         0.3         0.23333333  0.2
  0.26666667  0.3         0.33333333  0.23333333  0.26666667  0.3
  0.23333333  0.33333333  0.33333333  0.2         0.36666667  0.03333333
  0.26666667  0.26666667  0.13333333  0.23333333  0.3         0.2
  0.33333333  0.36666667  0.2         0.3         0.26666667  0.36666667
  0.36666667  0.16666667  0.3         0.23333333  0.1         0.26666667
  0.23333333  0.2         0.13333333  0.23333333  0.33333333  0.36666667
  0.33333333  0.26666667  0.23333333  0.2         0.46666667  0.33333333
  0.36666667  0.4         0.3         0.33333333  0.3         0.46666667
  0.36666667  0.36666667  0.23333333  0.33333333]
average score
0.26666666666666666
score std
0.09392668535736914

execution times
[ 0.20910025  0.23973203  0.20727801  0.21956611  0.1975379   0.21119499
  0.21279168  0.20796108  0.192523    0.19420385  0.19762683  0.19404602
  0.19498301  0.18128824  0.20258379  0.19501185  0.18920398  0.19693804
  0.19844484  0.19496083  0.19246507  0.201267    0.21971703  0.19599509
  0.1917448   0.18935609  0.19770694  0.21113181  0.19055319  0.1922648
  0.19594216  0.19539595  0.19776082  0.19657016  0.19168782  0.18851924
  0.19479609  0.1963799   0.19474196  0.20546794  0.18435931  0.19966698
  0.19811392  0.20793486  0.19040799  0.19262409  0.19296098  0.19327164
  0.20117116  0.20241404  0.19322896  0.19176793  0.19618011  0.19817686
  0.21390104  0.19097495  0.20240593  0.19964409  0.19997311  0.19006801
  0.20788002  0.19031501  0.18543005  0.19833899  0.20313096  0.20070887
  0.18637204  0.19196391  0.20566916  0.19534111  0.1905551   0.18434286
  0.19274592  0.1963098   0.19115806  0.1893959   0.18737507  0.19989824
  0.19403195  0.18705702  0.19164634  0.20263696  0.19288898  0.19626284
  0.1915493   0.20578408  0.1905663   0.19376588  0.19977498  0.19567108
  0.19516492  0.18976212  0.18327093  0.19642591  0.18713403  0.19735384
  0.19276285  0.19861078  0.20067191  0.19159102]
average time
0.1968700122833252
time std
0.0085231007025562

             precision    recall  f1-score   support

        add       0.21      0.01      0.01       526
        bad       0.00      0.00      0.00        97
        bye       0.00      0.00      0.00        93
     cancel       0.00      0.00      0.00       152
     delete       0.00      0.00      0.00       154
        get       0.28      0.80      0.41       840
   greeting       0.00      0.00      0.00       111
       help       0.23      0.17      0.20       716
         ok       0.00      0.00      0.00        80
  saymyname       0.00      0.00      0.00        76
     thanks       0.00      0.00      0.00        87
    welcome       0.00      0.00      0.00        68

avg / total       0.17      0.27      0.16      3000
