EXTRACTED INFO

confusion_matrix
[[  4   0   0   0   0 488   0 114   0   0   0   0]
 [  0   0   0   0   0  89   0  15   0   0   0   0]
 [  1   0   0   0   0 101   0  13   0   0   0   0]
 [  1   0   0   0   0 148   0  18   0   0   0   0]
 [  0   0   0   0   0 132   0   9   0   0   0   0]
 [  4   0   0   0   0 595   0 172   0   0   0   0]
 [  0   0   0   0   0 100   0  15   0   0   0   0]
 [ 15   0   0   0   0 577   0 113   0   0   0   0]
 [  1   0   0   0   0  63   0   9   0   0   0   0]
 [  0   0   0   0   0  55   0  16   0   0   0   0]
 [  0   0   0   0   0  66   0   8   0   0   0   0]
 [  1   0   0   0   0  50   0   7   0   0   0   0]]

score means
[ 0.33333333  0.26666667  0.26666667  0.26666667  0.1         0.16666667
  0.23333333  0.3         0.3         0.3         0.16666667  0.36666667
  0.3         0.23333333  0.06666667  0.2         0.2         0.3         0.3
  0.3         0.13333333  0.4         0.23333333  0.2         0.23333333
  0.2         0.2         0.36666667  0.23333333  0.36666667  0.2
  0.33333333  0.23333333  0.3         0.13333333  0.26666667  0.13333333
  0.36666667  0.03333333  0.23333333  0.1         0.16666667  0.2
  0.23333333  0.3         0.26666667  0.13333333  0.26666667  0.36666667
  0.16666667  0.13333333  0.26666667  0.26666667  0.2         0.3         0.3
  0.13333333  0.16666667  0.4         0.2         0.23333333  0.26666667
  0.36666667  0.23333333  0.33333333  0.3         0.26666667  0.13333333
  0.3         0.1         0.23333333  0.33333333  0.06666667  0.3
  0.36666667  0.13333333  0.23333333  0.2         0.26666667  0.2
  0.23333333  0.36666667  0.36666667  0.26666667  0.4         0.2         0.1
  0.03333333  0.23333333  0.06666667  0.3         0.13333333  0.26666667
  0.33333333  0.3         0.13333333  0.2         0.3         0.1         0.2       ]
average score
0.23733333333333337
score std
0.08784835418682205

execution times
[ 0.24784613  0.20977688  0.20760703  0.19699597  0.20506191  0.22138214
  0.19105291  0.20299006  0.19704199  0.19705915  0.20360017  0.19223809
  0.20010686  0.20681596  0.23814607  0.19416308  0.20130801  0.20606685
  0.21730733  0.19107604  0.19435978  0.19118285  0.19400191  0.19406104
  0.19113517  0.1957252   0.22098207  0.18927217  0.19765902  0.19739795
  0.18957591  0.21129799  0.19414902  0.20150995  0.19590187  0.20631504
  0.19158697  0.19164109  0.19626093  0.19750595  0.20074224  0.19322014
  0.18461394  0.19859385  0.18791986  0.19938469  0.19256711  0.20726204
  0.19482589  0.19308496  0.19965219  0.20782113  0.19801116  0.19332504
  0.1957829   0.21218085  0.19721198  0.18975329  0.19111824  0.21589017
  0.24086809  0.19709492  0.21308208  0.21037006  0.21194816  0.19763422
  0.20595217  0.201998    0.2205689   0.1982038   0.19059205  0.19668198
  0.21788812  0.20150185  0.21532631  0.21860981  0.21796036  0.19540381
  0.19370675  0.1927166   0.2026      0.1983192   0.19835877  0.18231678
  0.19222808  0.19195986  0.19544196  0.18940783  0.19054794  0.20491004
  0.19137001  0.19149399  0.19583011  0.18953419  0.1886971   0.20336509
  0.19320679  0.19675422  0.19429207  0.2025609 ]
average time
0.20053429126739503
time std
0.011368638803470867

             precision    recall  f1-score   support

        add       0.15      0.01      0.01       606
        bad       0.00      0.00      0.00       104
        bye       0.00      0.00      0.00       115
     cancel       0.00      0.00      0.00       167
     delete       0.00      0.00      0.00       141
        get       0.24      0.77      0.37       771
   greeting       0.00      0.00      0.00       115
       help       0.22      0.16      0.19       705
         ok       0.00      0.00      0.00        73
  saymyname       0.00      0.00      0.00        71
     thanks       0.00      0.00      0.00        74
    welcome       0.00      0.00      0.00        58

avg / total       0.14      0.24      0.14      3000
