EXTRACTED INFO

confusion_matrix
[[  4   0   0   0   0 389   0 171   0   0   0   0]
 [  0   0   0   0   0  57   0  44   0   0   0   0]
 [  0   0   0   0   0  98   0  22   0   0   0   0]
 [  0   0   0   0   0 142   0  29   0   0   0   0]
 [  1   0   0   0   0 134   0  45   0   0   0   0]
 [  1   0   0   0   0 671   0 151   0   0   0   0]
 [  0   0   0   0   0  88   0  10   0   0   0   0]
 [  1   0   0   0   0 570   0 125   0   0   0   0]
 [  0   0   0   0   0  65   0   8   0   0   0   0]
 [  0   0   0   0   0  35   0  18   0   0   0   0]
 [  0   0   0   0   0  64   0  15   0   0   0   0]
 [  0   0   0   0   0  39   0   3   0   0   0   0]]

score means
[ 0.2         0.06666667  0.16666667  0.2         0.23333333  0.33333333
  0.23333333  0.23333333  0.16666667  0.23333333  0.23333333  0.2
  0.06666667  0.33333333  0.43333333  0.23333333  0.33333333  0.23333333
  0.3         0.36666667  0.43333333  0.3         0.13333333  0.2         0.2
  0.33333333  0.3         0.16666667  0.36666667  0.13333333  0.26666667
  0.3         0.1         0.3         0.5         0.16666667  0.43333333
  0.36666667  0.43333333  0.16666667  0.26666667  0.33333333  0.3         0.2
  0.3         0.3         0.33333333  0.36666667  0.16666667  0.2
  0.36666667  0.36666667  0.26666667  0.26666667  0.13333333  0.16666667
  0.46666667  0.36666667  0.23333333  0.26666667  0.36666667  0.26666667
  0.23333333  0.33333333  0.1         0.16666667  0.36666667  0.13333333
  0.26666667  0.2         0.23333333  0.1         0.33333333  0.26666667
  0.03333333  0.33333333  0.33333333  0.4         0.2         0.23333333
  0.46666667  0.16666667  0.43333333  0.46666667  0.13333333  0.5
  0.36666667  0.23333333  0.16666667  0.16666667  0.06666667  0.23333333
  0.26666667  0.33333333  0.4         0.13333333  0.13333333  0.43333333
  0.33333333  0.26666667]
average score
0.26666666666666666
score std
0.1067707825203131

execution times
[ 0.27486992  0.29157972  0.27128077  0.25907612  0.26261306  0.26883721
  0.27489591  0.26817703  0.26920176  0.28027511  0.28207207  0.26971292
  0.26832604  0.26384687  0.26149869  0.26009202  0.26721787  0.27714896
  0.26410723  0.26279092  0.26704383  0.27396107  0.2742312   0.26927805
  0.26539207  0.2678771   0.26485109  0.2968502   0.264534    0.25548315
  0.2623837   0.28793097  0.26200104  0.2658      0.254848    0.29012585
  0.27305079  0.25710583  0.25796199  0.28599715  0.26124501  0.25961614
  0.26490498  0.27590203  0.27334976  0.26473022  0.26333499  0.26155066
  0.26806688  0.254282    0.256428    0.27080226  0.26237798  0.26701474
  0.26376796  0.26786089  0.26146317  0.26434803  0.26802206  0.26634288
  0.2689209   0.26492882  0.26861596  0.26557493  0.26107502  0.26618695
  0.28498602  0.2643671   0.26243186  0.26375723  0.26577377  0.26413488
  0.26293492  0.25590301  0.26624012  0.2782402   0.26699591  0.26584601
  0.26995301  0.26227593  0.26429009  0.26883793  0.26470494  0.25929785
  0.2620821   0.26641631  0.2614758   0.26448393  0.2785368   0.2540729
  0.2607131   0.27720022  0.26217103  0.26833701  0.25503612  0.26348186
  0.26564503  0.26181912  0.26597595  0.26877999]
average time
0.26712238550186157
time std
0.008055497456030873

             precision    recall  f1-score   support

        add       0.57      0.01      0.01       564
        bad       0.00      0.00      0.00       101
        bye       0.00      0.00      0.00       120
     cancel       0.00      0.00      0.00       171
     delete       0.00      0.00      0.00       180
        get       0.29      0.82      0.42       823
   greeting       0.00      0.00      0.00        98
       help       0.20      0.18      0.19       696
         ok       0.00      0.00      0.00        73
  saymyname       0.00      0.00      0.00        53
     thanks       0.00      0.00      0.00        79
    welcome       0.00      0.00      0.00        42

avg / total       0.23      0.27      0.16      3000
