EXTRACTED INFO

confusion_matrix
[[277   0   0   0   0 243   0  42   0   0   0   0]
 [  0   9   0   0   0  90   0   2   0   0   0   0]
 [  0   0   4   0   0 102   0   0   0   0   0   0]
 [  0   0   0   4   0 160   0   4   0   0   0   0]
 [ 39   0   0   0   2 111   0   0   0   0   0   0]
 [ 63   0   0   0   0 742   0  12   0   0   0   0]
 [  0   0   0   0   0  82  15   0   0   0   0   0]
 [103   0   0   0   0 384   0 221   0   0   0   0]
 [  0   0   0   0   0  86   0   1   0   0   0   0]
 [  0   0   0   0   0  70   0   0   0   6   0   0]
 [  0   0   0   0   0  63   0   2   0   0   0   0]
 [  0   0   0   0   0  60   0   1   0   0   0   0]]

score means
[ 0.23333333  0.43333333  0.56666667  0.4         0.33333333  0.33333333
  0.23333333  0.46666667  0.5         0.33333333  0.36666667  0.26666667
  0.3         0.7         0.33333333  0.53333333  0.2         0.5
  0.43333333  0.43333333  0.43333333  0.4         0.26666667  0.33333333
  0.5         0.5         0.26666667  0.3         0.33333333  0.5         0.6
  0.3         0.6         0.5         0.4         0.33333333  0.4         0.3
  0.36666667  0.33333333  0.33333333  0.66666667  0.5         0.5
  0.43333333  0.5         0.43333333  0.5         0.53333333  0.33333333
  0.43333333  0.26666667  0.33333333  0.4         0.5         0.36666667
  0.46666667  0.5         0.46666667  0.53333333  0.56666667  0.3         0.3
  0.53333333  0.3         0.7         0.36666667  0.5         0.33333333
  0.46666667  0.46666667  0.3         0.5         0.33333333  0.6         0.4
  0.46666667  0.56666667  0.46666667  0.33333333  0.56666667  0.26666667
  0.53333333  0.33333333  0.53333333  0.73333333  0.43333333  0.5         0.4
  0.33333333  0.4         0.5         0.4         0.3         0.43333333
  0.46666667  0.4         0.43333333  0.5         0.53333333]
average score
0.4266666666666666
score std
0.11015141094572203

execution times
[ 0.00754786  0.00651479  0.00826192  0.00816798  0.00640774  0.00633693
  0.00648022  0.00794196  0.00752521  0.00669003  0.00648117  0.00638413
  0.00719476  0.00644708  0.00643516  0.00754094  0.00629711  0.00646973
  0.00645089  0.00633597  0.00643301  0.00643802  0.00816417  0.0068841
  0.00762224  0.00658202  0.007411    0.0063951   0.00668788  0.00648308
  0.00641894  0.00622892  0.00644493  0.00636601  0.00641418  0.00650597
  0.00646496  0.00650501  0.00812483  0.00673389  0.00641418  0.00648594
  0.00634289  0.00643873  0.00632787  0.00654173  0.00665402  0.00647902
  0.00649118  0.00832009  0.006392    0.00624895  0.00641513  0.00639915
  0.00644302  0.00643921  0.00647712  0.00620699  0.00644207  0.00637221
  0.00637794  0.0064652   0.00644588  0.00637484  0.00633883  0.00638103
  0.00636411  0.00645876  0.0064261   0.00637317  0.00807977  0.00637531
  0.00644517  0.00641799  0.0067749   0.00701785  0.00638795  0.00647092
  0.0071342   0.00634408  0.00654697  0.00644183  0.00647783  0.00703692
  0.00968003  0.00635099  0.00644803  0.00637221  0.00642204  0.00647998
  0.00657773  0.00647593  0.00645828  0.00825691  0.00614285  0.00775719
  0.00652599  0.00636506  0.00714803  0.00647974]
average time
0.0067144989967346195
time std
0.0006151765155782635

             precision    recall  f1-score   support

        add       0.57      0.49      0.53       562
        bad       1.00      0.09      0.16       101
        bye       1.00      0.04      0.07       106
     cancel       1.00      0.02      0.05       168
     delete       1.00      0.01      0.03       152
        get       0.34      0.91      0.49       817
   greeting       1.00      0.15      0.27        97
       help       0.78      0.31      0.45       708
         ok       0.00      0.00      0.00        87
  saymyname       1.00      0.08      0.15        76
     thanks       0.00      0.00      0.00        65
    welcome       0.00      0.00      0.00        61

avg / total       0.62      0.43      0.36      3000
