EXTRACTED INFO

confusion_matrix
[[  0   0   0   0   0 309   0  54   0   0   0   0]
 [  0   0   0   0   0 107   0   2   0   0   0   0]
 [  0   0   0   0   0  95   0   3   0   0   0   0]
 [  0   0   0   0   0 191   0   2   0   0   0   0]
 [  0   0   0   0   0 149   0   0   0   0   0   0]
 [ 21   0   0   0   0   0   0  61   0   0   0   0]
 [  0   0   0   0   0  95   0   4   0   0   0   0]
 [ 70   0   0   0   0 479   0   0   0   0   0   0]
 [  0   0   0   0   0  84   0   2   0   0   0   0]
 [  0   0   0   0   0  54   0   1   0   0   0   0]
 [  0   0   0   0   0  68   0   1   0   0   0   0]
 [  0   0   0   0   0  61   0   2   0   0   0   0]]

means
[ 0.3         0.36666667  0.46666667  0.16666667  0.36666667  0.46666667
  0.4         0.4         0.4         0.33333333  0.36666667  0.36666667
  0.53333333  0.4         0.36666667  0.53333333  0.3         0.5
  0.43333333  0.43333333  0.43333333  0.4         0.36666667  0.23333333
  0.33333333  0.43333333  0.36666667  0.33333333  0.43333333  0.13333333
  0.13333333  0.3         0.4         0.4         0.43333333  0.46666667
  0.5         0.4         0.46666667  0.36666667  0.3         0.33333333
  0.13333333  0.43333333  0.23333333  0.3         0.4         0.16666667
  0.36666667  0.1         0.26666667  0.26666667  0.3         0.6
  0.43333333  0.36666667  0.53333333  0.36666667  0.4         0.36666667
  0.23333333  0.36666667  0.6         0.36666667  0.06666667  0.4         0.2
  0.46666667  0.36666667  0.43333333  0.46666667  0.46666667  0.46666667
  0.2         0.36666667  0.2         0.33333333  0.43333333  0.16666667
  0.43333333  0.4         0.4         0.16666667  0.36666667  0.43333333
  0.46666667  0.23333333  0.36666667  0.23333333  0.36666667  0.46666667
  0.46666667  0.2         0.3         0.53333333  0.23333333  0.46666667
  0.36666667  0.4         0.36666667]

average
0.3616666666666667

std
0.10958254118851841