EXTRACTED INFO

confusion_matrix
[[312   0   0   0   0 120   0 101   0   0   0   0]
 [  0  16   0   3   0  61   0  38   0   0   0   0]
 [  0   0  13   0   0  80   0   2  14   0   0   0]
 [  0   0   0  14   0 130   0   8   0   0   0   0]
 [ 35   0   0   0  16  92   0   8   0   0   0   0]
 [ 58   0   0   0   0 659   0 102   0   0   0   0]
 [  0   0   0   0   0  85  22   6   0   0   0   0]
 [153   0   0   0   0 207   0 357   0   0   0   0]
 [  0   0  12   0   0  71   0   5   1   0   0   0]
 [  0   0   0   0   0  40   0  27   0   4   0   0]
 [  0   0   0   0   0  57   0   3   0   0  12   0]
 [  0   0   0   0   0  51   0   0   0   0   0   5]]

score means
[ 0.43333333  0.63333333  0.56666667  0.4         0.36666667  0.6
  0.63333333  0.56666667  0.4         0.46666667  0.46666667  0.43333333
  0.53333333  0.46666667  0.4         0.5         0.33333333  0.36666667
  0.46666667  0.5         0.53333333  0.53333333  0.43333333  0.43333333
  0.36666667  0.46666667  0.33333333  0.53333333  0.36666667  0.46666667
  0.5         0.46666667  0.4         0.4         0.43333333  0.46666667
  0.56666667  0.43333333  0.56666667  0.53333333  0.43333333  0.33333333
  0.53333333  0.53333333  0.36666667  0.46666667  0.5         0.46666667
  0.5         0.4         0.46666667  0.43333333  0.43333333  0.43333333
  0.46666667  0.63333333  0.63333333  0.43333333  0.53333333  0.5         0.5
  0.43333333  0.53333333  0.5         0.66666667  0.33333333  0.43333333
  0.53333333  0.4         0.63333333  0.53333333  0.4         0.43333333
  0.7         0.56666667  0.46666667  0.5         0.33333333  0.36666667
  0.4         0.46666667  0.5         0.33333333  0.66666667  0.53333333
  0.46666667  0.5         0.4         0.43333333  0.36666667  0.4
  0.43333333  0.63333333  0.5         0.53333333  0.63333333  0.46666667
  0.53333333  0.6         0.36666667]
average score
0.47700000000000004
score std
0.08559530101328901

execution times
[ 0.00577211  0.00627089  0.00693297  0.00604796  0.00703382  0.00622606
  0.00571895  0.00615501  0.00706196  0.00610018  0.00554538  0.00630307
  0.00647879  0.0061214   0.00595403  0.0062201   0.00554109  0.00967121
  0.00543094  0.0063858   0.00629306  0.0054009   0.00534797  0.00538898
  0.00562692  0.00542903  0.00538492  0.0053792   0.0054009   0.0068531
  0.00693011  0.00543213  0.00537491  0.00801826  0.00547624  0.00536394
  0.00586486  0.00734401  0.00542021  0.00597596  0.00539875  0.00657916
  0.00707459  0.00636172  0.00539279  0.00539422  0.00557208  0.00539804
  0.00723386  0.00618196  0.00544     0.00668311  0.005548    0.00625205
  0.00547504  0.00552416  0.00552702  0.00560498  0.00769901  0.00649595
  0.00535011  0.00594807  0.0058248   0.00562     0.00562     0.00550914
  0.00703287  0.00571799  0.0063417   0.00540709  0.00566387  0.00667691
  0.00543594  0.0054369   0.00715995  0.0054431   0.0064671   0.00572085
  0.00553799  0.0054152   0.00551605  0.00548768  0.00576568  0.0057652
  0.00617027  0.00666285  0.00714803  0.00778723  0.00602317  0.00535297
  0.00753307  0.0056808   0.00654101  0.00543499  0.00539088  0.00692987
  0.00620413  0.00625372  0.00728202  0.00548816]
average time
0.006072611808776856
time std
0.0007625596164715223

             precision    recall  f1-score   support

        add       0.56      0.59      0.57       533
        bad       1.00      0.14      0.24       118
        bye       0.52      0.12      0.19       109
     cancel       0.82      0.09      0.17       152
     delete       1.00      0.11      0.19       151
        get       0.40      0.80      0.53       819
   greeting       1.00      0.19      0.33       113
       help       0.54      0.50      0.52       717
         ok       0.07      0.01      0.02        89
  saymyname       1.00      0.06      0.11        71
     thanks       1.00      0.17      0.29        72
    welcome       1.00      0.09      0.16        56

avg / total       0.59      0.48      0.43      3000
