EXTRACTED INFO

confusion_matrix
[[  0   0   0   0   0 470   0  93   0   0   0   0]
 [  0   0   0   0   0  89   0  15   0   0   0   0]
 [  0   0   0   0   0 104   0  18   0   0   0   0]
 [  0   0   0   0   0 143   0  27   0   0   0   0]
 [  0   0   0   0   0 133   0  25   0   0   0   0]
 [  0   0   0   0   0   0   0 173   0   0   0   0]
 [  0   0   0   0   0  77   0  20   0   0   0   0]
 [  0   0   0   0   0 612   0   0   0   0   0   0]
 [  0   0   0   0   0  58   0   8   0   0   0   0]
 [  0   0   0   0   0  46   0  15   0   0   0   0]
 [  0   0   0   0   0  82   0  11   0   0   0   0]
 [  0   0   0   0   0  55   0   4   0   0   0   0]]

means
[ 0.33333333  0.13333333  0.16666667  0.23333333  0.2         0.33333333
  0.4         0.2         0.2         0.2         0.16666667  0.13333333
  0.46666667  0.2         0.26666667  0.2         0.3         0.26666667
  0.36666667  0.33333333  0.16666667  0.2         0.33333333  0.16666667
  0.13333333  0.2         0.23333333  0.33333333  0.23333333  0.23333333
  0.23333333  0.4         0.2         0.03333333  0.23333333  0.26666667
  0.1         0.16666667  0.16666667  0.1         0.16666667  0.26666667
  0.13333333  0.2         0.2         0.13333333  0.1         0.03333333
  0.13333333  0.13333333  0.16666667  0.46666667  0.16666667  0.23333333
  0.23333333  0.1         0.33333333  0.23333333  0.36666667  0.33333333
  0.16666667  0.33333333  0.2         0.36666667  0.3         0.16666667
  0.16666667  0.33333333  0.3         0.23333333  0.16666667  0.3
  0.26666667  0.36666667  0.26666667  0.33333333  0.3         0.16666667
  0.33333333  0.16666667  0.16666667  0.36666667  0.03333333  0.4
  0.23333333  0.36666667  0.3         0.26666667  0.26666667  0.36666667
  0.4         0.2         0.3         0.33333333  0.13333333  0.23333333
  0.2         0.23333333  0.3         0.36666667]

average
0.2406666666666667

std
0.09375855516520434