EXTRACTED INFO

confusion_matrix
[[  0   0   0   0   0 465   0 110   0   0   0   0]
 [  0   0   0   0   0  74   0  14   0   0   0   0]
 [  0   0   0   0   0  93   0  16   0   0   0   0]
 [  0   0   0   0   0 113   0  20   0   0   0   0]
 [  0   0   0   0   0 135   0  17   0   0   0   0]
 [  0   0   0   0   0   0   0 217   0   0   0   0]
 [  0   0   0   0   0  84   0  12   0   0   0   0]
 [  0   0   0   0   0 626   0   0   0   0   0   0]
 [  0   0   0   0   0  64   0  17   0   0   0   0]
 [  0   0   0   0   0  54   0  20   0   0   0   0]
 [  0   0   0   0   0  57   0  22   0   0   0   0]
 [  0   0   0   0   0  53   0  14   0   0   0   0]]

means
[ 0.23333333  0.46666667  0.26666667  0.43333333  0.23333333  0.33333333
  0.16666667  0.3         0.3         0.26666667  0.23333333  0.16666667
  0.16666667  0.3         0.1         0.06666667  0.3         0.16666667
  0.2         0.16666667  0.16666667  0.26666667  0.23333333  0.26666667
  0.23333333  0.1         0.16666667  0.2         0.16666667  0.33333333
  0.26666667  0.16666667  0.13333333  0.1         0.3         0.26666667
  0.26666667  0.16666667  0.26666667  0.23333333  0.3         0.2         0.2
  0.26666667  0.23333333  0.03333333  0.36666667  0.3         0.3
  0.23333333  0.2         0.3         0.36666667  0.26666667  0.3
  0.16666667  0.06666667  0.16666667  0.26666667  0.23333333  0.3
  0.23333333  0.16666667  0.3         0.3         0.26666667  0.23333333
  0.16666667  0.16666667  0.23333333  0.          0.43333333  0.4
  0.36666667  0.3         0.16666667  0.26666667  0.33333333  0.16666667
  0.23333333  0.26666667  0.23333333  0.16666667  0.23333333  0.3
  0.13333333  0.23333333  0.16666667  0.1         0.23333333  0.26666667
  0.16666667  0.26666667  0.3         0.03333333  0.2         0.33333333
  0.26666667  0.4         0.16666667]

average
0.2343333333333333

std
0.08685300480953116