EXTRACTED INFO

confusion_matrix
[[  0   0   0   0   0 452   0  93   0   0   0   0]
 [  0   0   0   0   0  95   0  22   0   0   0   0]
 [  0   0   0   0   0  94   0  15   0   0   0   0]
 [  0   0   0   0   0 151   0  46   0   0   0   0]
 [  0   0   0   0   0 111   0  21   0   0   0   0]
 [  0   0   0   0   0   0   0 169   0   0   0   0]
 [  0   0   0   0   0  95   0  12   0   0   0   0]
 [  0   0   0   0   0 614   0   0   0   0   0   0]
 [  0   0   0   0   0  73   0  18   0   0   0   0]
 [  0   0   0   0   0  47   0  11   0   0   0   0]
 [  0   0   0   0   0  68   0  19   0   0   0   0]
 [  0   0   0   0   0  54   0  12   0   0   0   0]]

means
[ 0.2         0.06666667  0.1         0.33333333  0.1         0.26666667
  0.16666667  0.13333333  0.23333333  0.3         0.33333333  0.2
  0.23333333  0.16666667  0.3         0.13333333  0.33333333  0.03333333
  0.2         0.1         0.4         0.26666667  0.3         0.16666667
  0.23333333  0.23333333  0.36666667  0.33333333  0.3         0.13333333
  0.16666667  0.2         0.1         0.16666667  0.33333333  0.23333333
  0.16666667  0.23333333  0.36666667  0.26666667  0.36666667  0.23333333
  0.16666667  0.23333333  0.2         0.26666667  0.13333333  0.3
  0.26666667  0.13333333  0.16666667  0.2         0.33333333  0.36666667
  0.16666667  0.13333333  0.26666667  0.33333333  0.2         0.03333333
  0.13333333  0.36666667  0.23333333  0.2         0.16666667  0.26666667
  0.33333333  0.23333333  0.4         0.3         0.23333333  0.26666667
  0.23333333  0.2         0.4         0.3         0.23333333  0.2
  0.13333333  0.43333333  0.3         0.33333333  0.3         0.36666667
  0.1         0.23333333  0.2         0.13333333  0.33333333  0.3         0.4
  0.2         0.13333333  0.33333333  0.2         0.33333333  0.2         0.1
  0.23333333  0.2       ]

average
0.236

std
0.0897750274606
