EXTRACTED INFO

confusion_matrix
[[  0   0   0   0   0 471   0  95   0   0   0   0]
 [  0   0   0   0   0 102   0  13   0   0   0   0]
 [  0   0   0   0   0  93   0  18   0   0   0   0]
 [  0   0   0   0   0 181   0  17   0   0   0   0]
 [  0   0   0   0   0 156   0   8   0   0   0   0]
 [  0   0   0   0   0   0   0 154   0   0   0   0]
 [  0   0   0   0   0 104   0  13   0   0   0   0]
 [  0   0   0   0   0 629   0   0   0   0   0   0]
 [  0   0   0   0   0  74   0  11   0   0   0   0]
 [  0   0   0   0   0  55   0   5   0   0   0   0]
 [  0   0   0   0   0  71   0  15   0   0   0   0]
 [  0   0   0   0   0  58   0   7   0   0   0   0]]

means
[ 0.2         0.16666667  0.23333333  0.26666667  0.33333333  0.3
  0.23333333  0.2         0.3         0.1         0.16666667  0.3         0.4
  0.2         0.2         0.26666667  0.23333333  0.16666667  0.16666667
  0.2         0.13333333  0.26666667  0.36666667  0.26666667  0.26666667
  0.26666667  0.23333333  0.13333333  0.2         0.23333333  0.23333333
  0.33333333  0.23333333  0.26666667  0.1         0.13333333  0.3         0.1
  0.16666667  0.23333333  0.3         0.16666667  0.2         0.13333333
  0.26666667  0.23333333  0.2         0.16666667  0.23333333  0.16666667
  0.06666667  0.03333333  0.06666667  0.33333333  0.2         0.26666667
  0.13333333  0.2         0.3         0.3         0.2         0.23333333
  0.23333333  0.06666667  0.16666667  0.3         0.2         0.1
  0.46666667  0.23333333  0.16666667  0.2         0.13333333  0.36666667
  0.3         0.16666667  0.36666667  0.33333333  0.23333333  0.2         0.2
  0.06666667  0.23333333  0.06666667  0.16666667  0.23333333  0.2
  0.16666667  0.16666667  0.33333333  0.3         0.26666667  0.06666667
  0.1         0.2         0.26666667  0.23333333  0.1         0.33333333
  0.23333333]

average
0.216666666667

std
0.0823947139621
