EXTRACTED INFO

confusion_matrix
[[  0   0   0   0   0 531   0  65   0   0   0   0]
 [  0   0   0   0   0  97   0   8   0   0   0   0]
 [  0   0   0   0   0  97   0  10   0   0   0   0]
 [  0   0   0   0   0 130   0  11   0   0   0   0]
 [  0   0   0   0   0 171   0   8   0   0   0   0]
 [  0   0   0   0   0 656   0  87   0   0   0   0]
 [  0   0   0   0   0  90   0   2   0   0   0   0]
 [  0   0   0   0   0 683   0  59   0   0   0   0]
 [  0   0   0   0   0  72   0   8   0   0   0   0]
 [  0   0   0   0   0  62   0   6   0   0   0   0]
 [  0   0   0   0   0  73   0   7   0   0   0   0]
 [  0   0   0   0   0  60   0   7   0   0   0   0]]

score means
[ 0.2         0.3         0.06666667  0.03333333  0.33333333  0.33333333
  0.2         0.23333333  0.3         0.23333333  0.5         0.1         0.3
  0.3         0.2         0.13333333  0.16666667  0.1         0.16666667
  0.3         0.2         0.16666667  0.06666667  0.13333333  0.26666667
  0.4         0.16666667  0.2         0.03333333  0.36666667  0.23333333
  0.26666667  0.13333333  0.36666667  0.16666667  0.23333333  0.3
  0.06666667  0.23333333  0.23333333  0.23333333  0.63333333  0.33333333
  0.3         0.16666667  0.33333333  0.23333333  0.16666667  0.23333333
  0.33333333  0.33333333  0.33333333  0.26666667  0.2         0.36666667
  0.33333333  0.23333333  0.23333333  0.13333333  0.16666667  0.26666667
  0.1         0.1         0.03333333  0.2         0.36666667  0.2
  0.26666667  0.2         0.23333333  0.16666667  0.16666667  0.16666667
  0.43333333  0.23333333  0.23333333  0.33333333  0.26666667  0.16666667
  0.13333333  0.26666667  0.2         0.33333333  0.23333333  0.16666667
  0.13333333  0.26666667  0.23333333  0.16666667  0.36666667  0.1
  0.23333333  0.5         0.33333333  0.16666667  0.2         0.4
  0.26666667  0.36666667  0.33333333]
average score
0.2383333333333333
score std
0.10460242189675469

execution times
[ 0.01019692  0.01047802  0.01255083  0.01117301  0.01104498  0.01237702
  0.00904918  0.01085091  0.010813    0.01261711  0.01106906  0.01591301
  0.01087904  0.01456904  0.00881004  0.00970411  0.0093677   0.00923586
  0.00913095  0.01227593  0.01072621  0.01612902  0.01022315  0.0162189
  0.01541877  0.01175022  0.01245093  0.0088191   0.01855516  0.0095489
  0.00942993  0.01056504  0.00812602  0.01023316  0.00861478  0.01053786
  0.01075721  0.01389194  0.01208091  0.01273274  0.01127696  0.02416801
  0.01748204  0.01159286  0.00902605  0.01042199  0.010005    0.01130795
  0.010993    0.01048684  0.00828791  0.01032019  0.00948238  0.00878906
  0.01146388  0.01048422  0.00829315  0.0169208   0.01312208  0.01178384
  0.01232982  0.00978684  0.01061988  0.00809097  0.01281714  0.01058602
  0.00875783  0.00841117  0.00822687  0.01402497  0.00885367  0.00825095
  0.00834107  0.00937128  0.01004624  0.00998616  0.00918889  0.00921607
  0.00883198  0.00938702  0.01247907  0.01393294  0.01003885  0.01196718
  0.00959516  0.01079869  0.0103631   0.01696897  0.01568699  0.0143919
  0.01351714  0.01034713  0.00880504  0.01103473  0.00988221  0.0132091
  0.00992203  0.01719189  0.01270199  0.0103178 ]
average time
0.011329007148742676
time std
0.00271323380899518

             precision    recall  f1-score   support

        add       0.00      0.00      0.00       596
        bad       0.00      0.00      0.00       105
        bye       0.00      0.00      0.00       107
     cancel       0.00      0.00      0.00       141
     delete       0.00      0.00      0.00       179
        get       0.24      0.88      0.38       743
   greeting       0.00      0.00      0.00        92
       help       0.21      0.08      0.12       742
         ok       0.00      0.00      0.00        80
  saymyname       0.00      0.00      0.00        68
     thanks       0.00      0.00      0.00        80
    welcome       0.00      0.00      0.00        67

avg / total       0.11      0.24      0.12      3000
