EXTRACTED INFO

confusion_matrix
[[  0   0   0   0   0 517   0  80   0   0   0   0]
 [  0   0   0   0   0  94   0  12   0   0   0   0]
 [  0   0   0   0   0 101   0  17   0   0   0   0]
 [  0   0   0   0   0 163   0  19   0   0   0   0]
 [  0   0   0   0   0 130   0  13   0   0   0   0]
 [  0   0   0   0   0   0   0 135   0   0   0   0]
 [  0   0   0   0   0  90   0  22   0   0   0   0]
 [  0   0   0   0   0 633   0   0   0   0   0   0]
 [  0   0   0   0   0  69   0   8   0   0   0   0]
 [  0   0   0   0   0  42   0   9   0   0   0   0]
 [  0   0   0   0   0  73   0   4   0   0   0   0]
 [  0   0   0   0   0  50   0   5   0   0   0   0]]

means
[ 0.1         0.2         0.16666667  0.26666667  0.26666667  0.33333333
  0.33333333  0.26666667  0.2         0.16666667  0.13333333  0.3
  0.26666667  0.23333333  0.2         0.1         0.23333333  0.2
  0.26666667  0.13333333  0.1         0.4         0.4         0.13333333
  0.1         0.26666667  0.23333333  0.2         0.23333333  0.36666667
  0.16666667  0.16666667  0.36666667  0.33333333  0.1         0.4
  0.06666667  0.4         0.16666667  0.13333333  0.26666667  0.23333333
  0.2         0.23333333  0.13333333  0.3         0.2         0.16666667
  0.16666667  0.3         0.26666667  0.26666667  0.36666667  0.1
  0.16666667  0.26666667  0.16666667  0.26666667  0.3         0.23333333
  0.26666667  0.23333333  0.16666667  0.2         0.16666667  0.23333333
  0.23333333  0.03333333  0.26666667  0.2         0.36666667  0.26666667
  0.3         0.03333333  0.43333333  0.3         0.23333333  0.26666667
  0.26666667  0.16666667  0.33333333  0.33333333  0.06666667  0.1
  0.43333333  0.2         0.23333333  0.3         0.3         0.33333333
  0.23333333  0.36666667  0.4         0.33333333  0.16666667  0.3
  0.26666667  0.3         0.23333333  0.23333333]

average
0.238

std
0.0904335237742
