EXTRACTED INFO

confusion_matrix
[[  0   0   0   0   0 435   0  85   0   0   0   0]
 [  0   0   0   0   0  87   0  15   0   0   0   0]
 [  0   0   0   0   0 100   0  17   0   0   0   0]
 [  0   0   0   0   0 164   0  23   0   0   0   0]
 [  0   0   0   0   0 127   0  15   0   0   0   0]
 [  0   0   0   0   0   0   0 163   0   0   0   0]
 [  0   0   0   0   0  98   0  12   0   0   0   0]
 [  0   0   0   0   0 639   0   0   0   0   0   0]
 [  0   0   0   0   0  72   0  12   0   0   0   0]
 [  0   0   0   0   0  56   0   9   0   0   0   0]
 [  0   0   0   0   0  83   0  12   0   0   0   0]
 [  0   0   0   0   0  58   0  17   0   0   0   0]]

means
[ 0.23333333  0.2         0.1         0.2         0.1         0.23333333
  0.13333333  0.3         0.26666667  0.3         0.13333333  0.06666667
  0.36666667  0.26666667  0.2         0.3         0.2         0.2
  0.13333333  0.23333333  0.13333333  0.23333333  0.36666667  0.26666667
  0.26666667  0.13333333  0.43333333  0.2         0.4         0.3         0.2
  0.33333333  0.16666667  0.33333333  0.1         0.26666667  0.26666667
  0.3         0.26666667  0.26666667  0.23333333  0.2         0.13333333
  0.1         0.1         0.1         0.2         0.4         0.33333333
  0.2         0.16666667  0.23333333  0.33333333  0.13333333  0.13333333
  0.33333333  0.3         0.33333333  0.33333333  0.33333333  0.16666667
  0.23333333  0.43333333  0.26666667  0.26666667  0.1         0.2
  0.43333333  0.26666667  0.23333333  0.1         0.4         0.16666667
  0.13333333  0.2         0.16666667  0.3         0.3         0.2         0.1
  0.4         0.26666667  0.23333333  0.1         0.1         0.13333333
  0.03333333  0.23333333  0.2         0.3         0.23333333  0.3
  0.26666667  0.13333333  0.2         0.3         0.33333333  0.13333333
  0.46666667  0.3       ]

average
0.233666666667

std
0.0949262871917
