EXTRACTED INFO

confusion_matrix
[[  0   0   0   0   0 529   0  95   0   0   0   0]
 [  0   0   0   0   0  83   0  17   0   0   0   0]
 [  0   0   0   0   0  94   0  19   0   0   0   0]
 [  0   0   0   0   0 139   0  26   0   0   0   0]
 [  0   0   0   0   0 127   0  17   0   0   0   0]
 [  0   0   0   0   0   0   0 161   0   0   0   0]
 [  0   0   0   0   0  74   0  15   0   0   0   0]
 [  0   0   0   0   0 625   0   0   0   0   0   0]
 [  0   0   0   0   0  63   0  13   0   0   0   0]
 [  0   0   0   0   0  52   0  12   0   0   0   0]
 [  0   0   0   0   0  77   0  10   0   0   0   0]
 [  0   0   0   0   0  61   0   5   0   0   0   0]]

means
[ 0.23333333  0.1         0.26666667  0.3         0.36666667  0.3
  0.13333333  0.36666667  0.16666667  0.26666667  0.03333333  0.3
  0.16666667  0.23333333  0.23333333  0.16666667  0.3         0.13333333
  0.23333333  0.26666667  0.4         0.13333333  0.23333333  0.13333333
  0.23333333  0.33333333  0.23333333  0.36666667  0.16666667  0.03333333
  0.2         0.26666667  0.3         0.16666667  0.53333333  0.3         0.4
  0.26666667  0.2         0.          0.33333333  0.2         0.43333333
  0.13333333  0.23333333  0.06666667  0.06666667  0.23333333  0.23333333
  0.3         0.3         0.3         0.26666667  0.2         0.13333333
  0.23333333  0.36666667  0.13333333  0.13333333  0.16666667  0.23333333
  0.16666667  0.16666667  0.23333333  0.26666667  0.2         0.2
  0.16666667  0.3         0.33333333  0.1         0.16666667  0.23333333
  0.36666667  0.3         0.4         0.1         0.13333333  0.26666667
  0.16666667  0.16666667  0.23333333  0.16666667  0.16666667  0.13333333
  0.26666667  0.03333333  0.23333333  0.33333333  0.46666667  0.36666667
  0.16666667  0.23333333  0.23333333  0.1         0.26666667  0.23333333
  0.3         0.16666667  0.16666667]

average
0.228666666667

std
0.0979818577311
