EXTRACTED INFO

confusion_matrix
[[  0   0   0   0   0 437   0 112   0   0   0   0]
 [  0   0   0   0   0  89   0  20   0   0   0   0]
 [  0   0   0   0   0  82   0  18   0   0   0   0]
 [  0   0   0   0   0 122   0  37   0   0   0   0]
 [  0   0   0   0   0 127   0  23   0   0   0   0]
 [  0   0   0   0   0   0   0 217   0   0   0   0]
 [  0   0   0   0   0  82   0  19   0   0   0   0]
 [  0   0   0   0   0 582   0   0   0   0   0   0]
 [  0   0   0   0   0  66   0  16   0   0   0   0]
 [  0   0   0   0   0  61   0  15   0   0   0   0]
 [  0   0   0   0   0  61   0   9   0   0   0   0]
 [  0   0   0   0   0  52   0   8   0   0   0   0]]

means
[ 0.26666667  0.16666667  0.3         0.33333333  0.26666667  0.36666667
  0.23333333  0.16666667  0.2         0.26666667  0.2         0.2
  0.33333333  0.36666667  0.4         0.1         0.26666667  0.3         0.2
  0.3         0.23333333  0.33333333  0.2         0.1         0.23333333
  0.1         0.2         0.2         0.2         0.36666667  0.          0.1
  0.4         0.1         0.2         0.26666667  0.3         0.36666667
  0.1         0.3         0.1         0.26666667  0.3         0.23333333
  0.16666667  0.33333333  0.3         0.4         0.13333333  0.36666667
  0.4         0.3         0.3         0.3         0.26666667  0.23333333
  0.26666667  0.16666667  0.46666667  0.2         0.26666667  0.16666667
  0.16666667  0.2         0.1         0.23333333  0.36666667  0.3
  0.26666667  0.1         0.26666667  0.4         0.33333333  0.2
  0.26666667  0.3         0.2         0.2         0.36666667  0.23333333
  0.2         0.4         0.3         0.1         0.26666667  0.16666667
  0.33333333  0.13333333  0.13333333  0.43333333  0.1         0.3         0.3
  0.16666667  0.23333333  0.23333333  0.23333333  0.23333333  0.23333333
  0.36666667]

average
0.24833333333333335

std
0.0924211375534118