EXTRACTED INFO

confusion_matrix
[[  0   0   0   0   0 509   0  74   0   0   0   0]
 [  0   0   0   0   0 101   0   9   0   0   0   0]
 [  0   0   0   0   0  85   0  11   0   0   0   0]
 [  0   0   0   0   0 146   0  19   0   0   0   0]
 [  0   0   0   0   0 154   0   9   0   0   0   0]
 [  0   0   0   0   0 660   0 120   0   0   0   0]
 [  0   0   0   0   0  79   0  13   0   0   0   0]
 [  0   0   0   0   0 659   0  55   0   0   0   0]
 [  0   0   0   0   0  76   0   7   0   0   0   0]
 [  0   0   0   0   0  50   0  11   0   0   0   0]
 [  0   0   0   0   0  70   0  14   0   0   0   0]
 [  0   0   0   0   0  60   0   9   0   0   0   0]]

score means
[ 0.26666667  0.16666667  0.26666667  0.23333333  0.13333333  0.16666667
  0.3         0.46666667  0.26666667  0.2         0.16666667  0.16666667
  0.13333333  0.16666667  0.2         0.33333333  0.4         0.13333333
  0.36666667  0.13333333  0.16666667  0.23333333  0.26666667  0.3
  0.26666667  0.2         0.33333333  0.23333333  0.2         0.16666667
  0.06666667  0.26666667  0.03333333  0.23333333  0.13333333  0.23333333
  0.16666667  0.2         0.26666667  0.3         0.36666667  0.2
  0.36666667  0.16666667  0.1         0.2         0.03333333  0.3         0.2
  0.26666667  0.53333333  0.23333333  0.16666667  0.26666667  0.33333333
  0.2         0.13333333  0.3         0.26666667  0.03333333  0.36666667
  0.4         0.23333333  0.2         0.3         0.13333333  0.23333333
  0.16666667  0.1         0.43333333  0.3         0.16666667  0.2
  0.13333333  0.23333333  0.23333333  0.23333333  0.2         0.23333333
  0.3         0.16666667  0.3         0.23333333  0.33333333  0.33333333
  0.23333333  0.33333333  0.16666667  0.26666667  0.33333333  0.26666667
  0.3         0.3         0.16666667  0.2         0.3         0.4         0.2
  0.26666667  0.33333333]
average score
0.23833333333333329
score std
0.09108908947959807

execution times
[ 0.00610495  0.00668907  0.00649714  0.00631094  0.00756407  0.00750518
  0.00755405  0.00616884  0.00608993  0.00689912  0.00596881  0.00614405
  0.00605488  0.00804496  0.00603795  0.00637007  0.00680399  0.00797105
  0.00792813  0.0078001   0.00733209  0.00667071  0.00629091  0.00629997
  0.00626612  0.00612783  0.00635695  0.00818992  0.00655532  0.00862193
  0.00679994  0.006603    0.0061779   0.00736523  0.00821996  0.00793004
  0.00626087  0.007725    0.00720119  0.00815797  0.00616503  0.00611401
  0.00657797  0.00618815  0.00697184  0.00612807  0.00778913  0.00615811
  0.00669885  0.00769591  0.0061512   0.00721407  0.008425    0.01016617
  0.00685596  0.00607896  0.00619817  0.00608706  0.00688505  0.00609112
  0.0061028   0.00612187  0.00793815  0.00798011  0.00607204  0.00604796
  0.00771475  0.00661016  0.00623989  0.00632095  0.00624514  0.00784612
  0.00815988  0.00792503  0.00626516  0.00632405  0.00666809  0.00615287
  0.00730085  0.0073669   0.00594306  0.00645709  0.00808787  0.00633383
  0.00657701  0.00604701  0.00625992  0.00717592  0.00613308  0.00620699
  0.00606894  0.00614405  0.00738502  0.00609112  0.00618505  0.00620699
  0.00613904  0.00713611  0.0061481   0.00624084]
average time
0.0068066978454589845
time std
0.0008142280605142088

             precision    recall  f1-score   support

        add       0.00      0.00      0.00       583
        bad       0.00      0.00      0.00       110
        bye       0.00      0.00      0.00        96
     cancel       0.00      0.00      0.00       165
     delete       0.00      0.00      0.00       163
        get       0.25      0.85      0.38       780
   greeting       0.00      0.00      0.00        92
       help       0.16      0.08      0.10       714
         ok       0.00      0.00      0.00        83
  saymyname       0.00      0.00      0.00        61
     thanks       0.00      0.00      0.00        84
    welcome       0.00      0.00      0.00        69

avg / total       0.10      0.24      0.12      3000
