EXTRACTED INFO

confusion_matrix
[[  0   0   0   0   0 467   0  95   0   0   0   0]
 [  0   0   0   0   0  73   0  19   0   0   0   0]
 [  0   0   0   0   0  82   0  12   0   0   0   0]
 [  0   0   0   0   0 146   0  24   0   0   0   0]
 [  0   0   0   0   0 142   0  14   0   0   0   0]
 [  0   0   0   0   0   0   0 155   0   0   0   0]
 [  0   0   0   0   0  74   0  15   0   0   0   0]
 [  0   0   0   0   0 670   0   0   0   0   0   0]
 [  0   0   0   0   0  71   0  10   0   0   0   0]
 [  0   0   0   0   0  53   0  13   0   0   0   0]
 [  0   0   0   0   0  75   0  12   0   0   0   0]
 [  0   0   0   0   0  53   0  10   0   0   0   0]]

means
[ 0.2         0.26666667  0.1         0.26666667  0.23333333  0.13333333
  0.03333333  0.36666667  0.33333333  0.2         0.4         0.2         0.2
  0.3         0.33333333  0.2         0.2         0.23333333  0.26666667
  0.3         0.33333333  0.53333333  0.2         0.36666667  0.1         0.1
  0.16666667  0.36666667  0.26666667  0.13333333  0.06666667  0.33333333
  0.23333333  0.2         0.23333333  0.33333333  0.16666667  0.16666667
  0.26666667  0.26666667  0.2         0.26666667  0.3         0.3         0.1
  0.33333333  0.06666667  0.26666667  0.2         0.16666667  0.33333333
  0.          0.13333333  0.26666667  0.2         0.33333333  0.36666667
  0.3         0.23333333  0.33333333  0.26666667  0.06666667  0.3
  0.13333333  0.33333333  0.13333333  0.16666667  0.3         0.06666667
  0.2         0.26666667  0.26666667  0.16666667  0.2         0.4         0.3
  0.26666667  0.36666667  0.43333333  0.36666667  0.33333333  0.23333333
  0.2         0.23333333  0.2         0.1         0.23333333  0.3
  0.13333333  0.16666667  0.36666667  0.33333333  0.13333333  0.13333333
  0.26666667  0.13333333  0.23333333  0.2         0.33333333  0.26666667]

average
0.23833333333333329

std
0.09630680142129111