EXTRACTED INFO

confusion_matrix
[[  1   0   0   0   0 437   0 135   0   0   0   0]
 [  1   0   0   0   0  77   0  30   0   0   0   0]
 [  0   0   0   0   0  80   0  25   0   0   0   0]
 [  0   0   0   0   0 118   0  44   0   0   0   0]
 [  0   0   0   0   0  96   0  26   0   0   0   0]
 [  4   0   0   0   0 592   0 258   0   0   0   0]
 [  0   0   0   0   0  70   0  14   0   0   0   0]
 [  6   0   0   0   0 594   0  97   0   0   0   0]
 [  1   0   0   0   0  63   0  19   0   0   0   0]
 [  0   0   0   0   0  34   0  21   0   0   0   0]
 [  0   0   0   0   0  57   0  30   0   0   0   0]
 [  0   0   0   0   0  54   0  16   0   0   0   0]]

score means
[ 0.3         0.16666667  0.26666667  0.26666667  0.          0.26666667
  0.13333333  0.16666667  0.3         0.4         0.36666667  0.06666667
  0.4         0.36666667  0.16666667  0.2         0.33333333  0.3
  0.26666667  0.26666667  0.1         0.13333333  0.3         0.2
  0.13333333  0.4         0.1         0.16666667  0.06666667  0.13333333
  0.16666667  0.06666667  0.26666667  0.2         0.13333333  0.23333333
  0.13333333  0.3         0.13333333  0.1         0.4         0.2
  0.23333333  0.3         0.3         0.4         0.26666667  0.26666667
  0.16666667  0.3         0.13333333  0.33333333  0.13333333  0.13333333
  0.06666667  0.16666667  0.26666667  0.43333333  0.2         0.26666667
  0.26666667  0.26666667  0.3         0.26666667  0.26666667  0.2
  0.16666667  0.26666667  0.23333333  0.1         0.16666667  0.4
  0.13333333  0.23333333  0.33333333  0.43333333  0.23333333  0.36666667
  0.2         0.06666667  0.16666667  0.46666667  0.2         0.2
  0.26666667  0.06666667  0.23333333  0.2         0.23333333  0.26666667
  0.13333333  0.33333333  0.16666667  0.3         0.26666667  0.3
  0.06666667  0.23333333  0.33333333  0.23333333]
average score
0.23
score std
0.09860132971832694

execution times
[ 0.00679302  0.00924897  0.00707507  0.00679088  0.00716639  0.00687885
  0.00680113  0.00669217  0.00678873  0.00950813  0.00907087  0.00675821
  0.00693703  0.0073359   0.00668383  0.00833511  0.00860524  0.00676918
  0.00750113  0.00766993  0.0093329   0.00905991  0.00679493  0.00690794
  0.00670171  0.00793409  0.00830698  0.00684714  0.00689912  0.0072782
  0.00670195  0.00845814  0.008219    0.006989    0.00683594  0.00686407
  0.0085609   0.0069561   0.007761    0.00705099  0.00685787  0.00674367
  0.006809    0.00804901  0.00700903  0.00705886  0.00833416  0.0068419
  0.00700426  0.00701189  0.00680399  0.00741291  0.00732589  0.00721622
  0.00691104  0.00669289  0.00688171  0.00724506  0.00688601  0.00827909
  0.00936294  0.00750017  0.00709891  0.0067091   0.00818205  0.00676203
  0.00858498  0.00735903  0.00899386  0.00865889  0.008178    0.00701284
  0.00695109  0.00685477  0.00701904  0.00697279  0.00809503  0.00703001
  0.00679588  0.00686002  0.00901198  0.0083971   0.00690985  0.00698113
  0.00679994  0.00682521  0.00682688  0.00695395  0.0069952   0.00686598
  0.00693607  0.00769901  0.00692892  0.00696802  0.00692987  0.00851083
  0.00682187  0.00886393  0.00813293  0.00791311]
average time
0.00742497444152832
time std
0.0007857657727639682

             precision    recall  f1-score   support

        add       0.08      0.00      0.00       573
        bad       0.00      0.00      0.00       108
        bye       0.00      0.00      0.00       105
     cancel       0.00      0.00      0.00       162
     delete       0.00      0.00      0.00       122
        get       0.26      0.69      0.38       854
   greeting       0.00      0.00      0.00        84
       help       0.14      0.14      0.14       697
         ok       0.00      0.00      0.00        83
  saymyname       0.00      0.00      0.00        55
     thanks       0.00      0.00      0.00        87
    welcome       0.00      0.00      0.00        70

avg / total       0.12      0.23      0.14      3000
