EXTRACTED INFO

confusion_matrix
[[  0   0   0   0   0 434   0  86   0   0   0   0]
 [  0   0   0   0   0  95   0  19   0   0   0   0]
 [  0   0   0   0   0  93   0  18   0   0   0   0]
 [  0   0   0   0   0 176   0  23   0   0   0   0]
 [  0   0   0   0   0 147   0  12   0   0   0   0]
 [  0   0   0   0   0   0   0 140   0   0   0   0]
 [  0   0   0   0   0  93   0   7   0   0   0   0]
 [  0   0   0   0   0 665   0   0   0   0   0   0]
 [  0   0   0   0   0  69   0   9   0   0   0   0]
 [  0   0   0   0   0  62   0   4   0   0   0   0]
 [  0   0   0   0   0  66   0  20   0   0   0   0]
 [  0   0   0   0   0  48   0  12   0   0   0   0]]

means
[ 0.3         0.3         0.2         0.26666667  0.1         0.2
  0.23333333  0.3         0.13333333  0.1         0.3         0.2
  0.16666667  0.26666667  0.26666667  0.16666667  0.2         0.43333333
  0.3         0.16666667  0.16666667  0.16666667  0.06666667  0.4
  0.16666667  0.3         0.13333333  0.36666667  0.4         0.13333333
  0.26666667  0.23333333  0.16666667  0.23333333  0.2         0.33333333
  0.2         0.33333333  0.43333333  0.26666667  0.13333333  0.3         0.3
  0.3         0.13333333  0.23333333  0.23333333  0.2         0.3         0.1
  0.4         0.23333333  0.33333333  0.26666667  0.06666667  0.26666667
  0.26666667  0.3         0.23333333  0.2         0.13333333  0.23333333
  0.23333333  0.13333333  0.23333333  0.23333333  0.26666667  0.06666667
  0.36666667  0.3         0.4         0.36666667  0.1         0.4         0.2
  0.06666667  0.3         0.03333333  0.2         0.2         0.2         0.2
  0.2         0.26666667  0.1         0.2         0.3         0.26666667
  0.26666667  0.23333333  0.26666667  0.33333333  0.43333333  0.16666667
  0.06666667  0.2         0.33333333  0.36666667  0.1         0.06666667]

average
0.234

std
0.0945139613438
