EXTRACTED INFO

confusion_matrix
[[  0   0   0   0   0 476   0  73   0   0   0   0]
 [  0   0   0   0   0  86   0  21   0   0   0   0]
 [  0   0   0   0   0  99   0  15   0   0   0   0]
 [  0   0   0   0   0 140   0  39   0   0   0   0]
 [  0   0   0   0   0 151   0  17   0   0   0   0]
 [  0   0   0   0   0   0   0 165   0   0   0   0]
 [  0   0   0   0   0  94   0  16   0   0   0   0]
 [  0   0   0   0   0 630   0   0   0   0   0   0]
 [  0   0   0   0   0  73   0  13   0   0   0   0]
 [  0   0   0   0   0  43   0  15   0   0   0   0]
 [  0   0   0   0   0  68   0  13   0   0   0   0]
 [  0   0   0   0   0  55   0   9   0   0   0   0]]

means
[ 0.3         0.13333333  0.26666667  0.2         0.2         0.4
  0.16666667  0.26666667  0.26666667  0.06666667  0.43333333  0.16666667
  0.13333333  0.3         0.33333333  0.13333333  0.23333333  0.2         0.3
  0.4         0.2         0.33333333  0.3         0.33333333  0.16666667
  0.16666667  0.2         0.23333333  0.23333333  0.23333333  0.3
  0.23333333  0.26666667  0.23333333  0.26666667  0.06666667  0.2         0.1
  0.23333333  0.16666667  0.06666667  0.16666667  0.13333333  0.13333333
  0.16666667  0.13333333  0.4         0.33333333  0.3         0.33333333
  0.4         0.36666667  0.3         0.1         0.33333333  0.3
  0.33333333  0.06666667  0.16666667  0.1         0.16666667  0.13333333
  0.26666667  0.36666667  0.36666667  0.13333333  0.03333333  0.36666667
  0.16666667  0.2         0.26666667  0.1         0.06666667  0.26666667
  0.23333333  0.33333333  0.26666667  0.23333333  0.16666667  0.13333333
  0.16666667  0.3         0.13333333  0.43333333  0.2         0.26666667
  0.26666667  0.1         0.2         0.1         0.26666667  0.13333333
  0.23333333  0.3         0.16666667  0.26666667  0.23333333  0.16666667
  0.53333333  0.23333333]

average
0.229666666667

std
0.0978541999326
