EXTRACTED INFO

confusion_matrix
[[  0   0   0   0   0 406   0 136   0   0   0   0]
 [  0   0   0   0   0  84   0  27   0   0   0   0]
 [  0   0   0   0   0  85   0  24   0   0   0   0]
 [  0   0   0   0   0 133   0  31   0   0   0   0]
 [  0   0   0   0   0 124   0  22   0   0   0   0]
 [  0   0   0   0   0   0   0 251   0   0   0   0]
 [  0   0   0   0   0  83   0  11   0   0   0   0]
 [  0   0   0   0   0 602   0   0   0   0   0   0]
 [  0   0   0   0   0  58   0  17   0   0   0   0]
 [  0   0   0   0   0  57   0  16   0   0   0   0]
 [  0   0   0   0   0  61   0  15   0   0   0   0]
 [  0   0   0   0   0  46   0  11   0   0   0   0]]

means
[ 0.26666667  0.2         0.2         0.46666667  0.3         0.23333333
  0.2         0.16666667  0.3         0.2         0.1         0.33333333
  0.26666667  0.16666667  0.03333333  0.23333333  0.36666667  0.3
  0.23333333  0.3         0.26666667  0.26666667  0.06666667  0.33333333
  0.2         0.4         0.13333333  0.06666667  0.33333333  0.2
  0.36666667  0.2         0.2         0.23333333  0.2         0.2         0.3
  0.2         0.26666667  0.2         0.3         0.23333333  0.23333333
  0.4         0.23333333  0.13333333  0.3         0.43333333  0.23333333
  0.2         0.13333333  0.23333333  0.13333333  0.3         0.13333333
  0.36666667  0.23333333  0.3         0.13333333  0.1         0.2         0.1
  0.2         0.26666667  0.13333333  0.16666667  0.36666667  0.2         0.3
  0.36666667  0.23333333  0.06666667  0.13333333  0.2         0.26666667
  0.16666667  0.26666667  0.53333333  0.16666667  0.2         0.33333333
  0.2         0.3         0.26666667  0.2         0.1         0.16666667
  0.23333333  0.2         0.13333333  0.2         0.26666667  0.26666667
  0.2         0.33333333  0.23333333  0.33333333  0.16666667  0.13333333
  0.26666667]

average
0.23333333333333336

std
0.08956685895029602