EXTRACTED INFO

confusion_matrix
[[  0   0   0   0   0 472   0  73   0   0   0   0]
 [  0   0   0   0   0  90   0  14   0   0   0   0]
 [  0   0   0   0   0 101   0  12   0   0   0   0]
 [  0   0   0   0   0 144   0  17   0   0   0   0]
 [  0   0   0   0   0 121   0  12   0   0   0   0]
 [  0   0   0   0   0 630   0 160   0   0   0   0]
 [  0   0   0   0   0 106   0  14   0   0   0   0]
 [  0   0   0   0   0 670   0  53   0   0   0   0]
 [  0   0   0   0   0  78   0   9   0   0   0   0]
 [  0   0   0   0   0  46   0  11   0   0   0   0]
 [  0   0   0   0   0  78   0  12   0   0   0   0]
 [  0   0   0   0   0  74   0   3   0   0   0   0]]

score means
[ 0.03333333  0.1         0.3         0.23333333  0.4         0.2
  0.13333333  0.13333333  0.2         0.2         0.26666667  0.26666667
  0.33333333  0.23333333  0.33333333  0.26666667  0.16666667  0.26666667
  0.2         0.23333333  0.26666667  0.36666667  0.26666667  0.26666667
  0.23333333  0.23333333  0.1         0.2         0.2         0.16666667
  0.2         0.3         0.4         0.3         0.03333333  0.3         0.2
  0.3         0.13333333  0.33333333  0.23333333  0.16666667  0.2         0.3
  0.2         0.2         0.13333333  0.2         0.13333333  0.13333333
  0.06666667  0.3         0.3         0.3         0.23333333  0.03333333
  0.23333333  0.26666667  0.26666667  0.23333333  0.23333333  0.13333333
  0.16666667  0.3         0.3         0.43333333  0.13333333  0.03333333
  0.23333333  0.3         0.26666667  0.23333333  0.2         0.26666667
  0.23333333  0.3         0.3         0.13333333  0.3         0.4
  0.06666667  0.26666667  0.2         0.2         0.23333333  0.23333333
  0.2         0.23333333  0.3         0.2         0.2         0.2
  0.26666667  0.2         0.3         0.16666667  0.26666667  0.16666667
  0.2         0.33333333]
average score
0.22766666666666666
score std
0.08124790595592124

execution times
[ 0.006634    0.00688386  0.00694728  0.00698209  0.00687099  0.00678992
  0.00811696  0.00732803  0.00764084  0.00803971  0.00707102  0.0068202
  0.00680089  0.00813627  0.0072341   0.00680494  0.0070467   0.00904131
  0.00665402  0.00688481  0.00679874  0.00714397  0.00806499  0.00687504
  0.00667882  0.00673819  0.0074811   0.00661302  0.00674295  0.00734019
  0.00879002  0.00824189  0.00870514  0.0071609   0.00719309  0.00760913
  0.00759602  0.00680876  0.0067153   0.00885296  0.00694394  0.00670886
  0.00700402  0.00833106  0.00711179  0.008744    0.00776386  0.00682211
  0.00879502  0.00884295  0.00686598  0.0074203   0.00682211  0.00795889
  0.00692987  0.00870609  0.00719881  0.00693178  0.0069623   0.00690985
  0.00687909  0.00684404  0.00693107  0.00673485  0.00679922  0.00689912
  0.00700212  0.00671792  0.00985336  0.006953    0.00868201  0.00688672
  0.00676513  0.00674891  0.00669909  0.00690913  0.00711799  0.00679708
  0.00707793  0.00824094  0.00746107  0.00671101  0.00683689  0.00881267
  0.00674987  0.00708795  0.00687885  0.00688601  0.00881696  0.00820088
  0.00714016  0.00795174  0.00932693  0.00668597  0.00686312  0.00672674
  0.00846291  0.00726891  0.00687408  0.00697517]
average time
0.007349083423614502
time std
0.0007556257025600578

             precision    recall  f1-score   support

        add       0.00      0.00      0.00       545
        bad       0.00      0.00      0.00       104
        bye       0.00      0.00      0.00       113
     cancel       0.00      0.00      0.00       161
     delete       0.00      0.00      0.00       133
        get       0.24      0.80      0.37       790
   greeting       0.00      0.00      0.00       120
       help       0.14      0.07      0.10       723
         ok       0.00      0.00      0.00        87
  saymyname       0.00      0.00      0.00        57
     thanks       0.00      0.00      0.00        90
    welcome       0.00      0.00      0.00        77

avg / total       0.10      0.23      0.12      3000
