EXTRACTED INFO

confusion_matrix
[[  0   0   0   0   0 444   0  62   0   0   0   0]
 [  0   0   0   0   0  76   0   7   0   0   0   0]
 [  0   0   0   0   0  98   0   8   0   0   0   0]
 [  0   0   0   0   0 136   0  14   0   0   0   0]
 [  0   0   0   0   0 132   0  17   0   0   0   0]
 [  0   0   0   0   0 684   0 129   0   0   0   0]
 [  0   0   0   0   0 106   0  19   0   0   0   0]
 [  0   0   0   0   0 719   0  56   0   0   0   0]
 [  0   0   0   0   0  62   0  14   0   0   0   0]
 [  0   0   0   0   0  53   0  13   0   0   0   0]
 [  0   0   0   0   0  83   0   8   0   0   0   0]
 [  0   0   0   0   0  52   0   8   0   0   0   0]]

score means
[ 0.3         0.26666667  0.3         0.3         0.13333333  0.36666667
  0.4         0.23333333  0.23333333  0.4         0.16666667  0.33333333
  0.03333333  0.3         0.36666667  0.1         0.2         0.23333333
  0.23333333  0.1         0.23333333  0.13333333  0.1         0.23333333
  0.33333333  0.36666667  0.16666667  0.3         0.33333333  0.2
  0.23333333  0.2         0.2         0.33333333  0.26666667  0.23333333
  0.1         0.43333333  0.23333333  0.23333333  0.33333333  0.1         0.1
  0.3         0.23333333  0.2         0.26666667  0.26666667  0.3
  0.16666667  0.16666667  0.2         0.1         0.3         0.2
  0.33333333  0.3         0.2         0.2         0.2         0.16666667
  0.3         0.3         0.26666667  0.26666667  0.46666667  0.33333333
  0.2         0.3         0.06666667  0.4         0.4         0.56666667
  0.33333333  0.46666667  0.06666667  0.16666667  0.2         0.16666667
  0.2         0.23333333  0.13333333  0.13333333  0.1         0.3
  0.43333333  0.1         0.2         0.2         0.2         0.3         0.2
  0.26666667  0.2         0.2         0.4         0.36666667  0.2         0.3
  0.23333333]
average score
0.2466666666666667
score std
0.09977753031397177

execution times
[ 0.01007199  0.00912094  0.00804996  0.00829411  0.00819302  0.00963879
  0.0084331   0.00824404  0.01066184  0.01011992  0.00957298  0.01191568
  0.00895381  0.00804901  0.01051712  0.00798702  0.01041722  0.00930595
  0.00808811  0.00798702  0.00819325  0.00815201  0.00894403  0.01042914
  0.0081532   0.00879383  0.00803781  0.00823092  0.00825381  0.00785303
  0.00830197  0.00815105  0.00815201  0.00828314  0.00810003  0.00800991
  0.00810981  0.00811076  0.0103333   0.01002502  0.01053286  0.00812888
  0.00985718  0.00857186  0.01394701  0.00785804  0.00935602  0.00814009
  0.00817609  0.0082109   0.00912905  0.00963926  0.00812531  0.00826406
  0.00807905  0.00967598  0.0081389   0.00830197  0.0081768   0.00786185
  0.00799894  0.00931478  0.0081861   0.00806189  0.00803518  0.01038384
  0.00811601  0.00810194  0.00786591  0.00794792  0.00811172  0.00821304
  0.00827789  0.00813389  0.00870109  0.01024795  0.00810075  0.01002908
  0.01076508  0.00838494  0.00808811  0.00796318  0.0079782   0.00801992
  0.00796914  0.01032925  0.00935507  0.00803399  0.00797582  0.00864792
  0.00932789  0.01050401  0.00821304  0.00805497  0.00804901  0.00886607
  0.00853515  0.00796294  0.00806785  0.01024389]
average time
0.008775742053985595
time std
0.0010563533184565759

             precision    recall  f1-score   support

        add       0.00      0.00      0.00       506
        bad       0.00      0.00      0.00        83
        bye       0.00      0.00      0.00       106
     cancel       0.00      0.00      0.00       150
     delete       0.00      0.00      0.00       149
        get       0.26      0.84      0.40       813
   greeting       0.00      0.00      0.00       125
       help       0.16      0.07      0.10       775
         ok       0.00      0.00      0.00        76
  saymyname       0.00      0.00      0.00        66
     thanks       0.00      0.00      0.00        91
    welcome       0.00      0.00      0.00        60

avg / total       0.11      0.25      0.13      3000
