EXTRACTED INFO

confusion_matrix
[[  0   0   0   0   0 468   0  94   0   0   0   0]
 [  0   0   0   0   0  86   0  17   0   0   0   0]
 [  0   0   0   0   0  94   0  14   0   0   0   0]
 [  0   0   0   0   0 112   0  21   0   0   0   0]
 [  0   0   0   0   0 118   0  11   0   0   0   0]
 [  0   0   0   0   0 697   0 183   0   0   0   0]
 [  0   0   0   0   0  84   0  13   0   0   0   0]
 [  0   0   0   0   0 651   0  72   0   0   0   0]
 [  0   0   0   0   0  70   0  11   0   0   0   0]
 [  0   0   0   0   0  53   0  10   0   0   0   0]
 [  0   0   0   0   0  51   0  15   0   0   0   0]
 [  0   0   0   0   0  47   0   8   0   0   0   0]]

score means
[ 0.33333333  0.3         0.3         0.16666667  0.23333333  0.26666667
  0.3         0.33333333  0.03333333  0.16666667  0.13333333  0.1
  0.13333333  0.26666667  0.16666667  0.33333333  0.23333333  0.33333333
  0.3         0.36666667  0.26666667  0.33333333  0.43333333  0.26666667
  0.13333333  0.3         0.26666667  0.23333333  0.26666667  0.3         0.2
  0.1         0.26666667  0.26666667  0.13333333  0.13333333  0.06666667
  0.03333333  0.2         0.13333333  0.23333333  0.26666667  0.23333333
  0.16666667  0.23333333  0.1         0.33333333  0.43333333  0.36666667
  0.3         0.16666667  0.23333333  0.33333333  0.4         0.3
  0.16666667  0.36666667  0.2         0.23333333  0.33333333  0.4         0.2
  0.23333333  0.33333333  0.33333333  0.33333333  0.33333333  0.23333333
  0.33333333  0.26666667  0.3         0.36666667  0.2         0.36666667
  0.1         0.03333333  0.43333333  0.3         0.33333333  0.36666667
  0.4         0.26666667  0.26666667  0.2         0.36666667  0.36666667
  0.13333333  0.36666667  0.2         0.2         0.26666667  0.16666667
  0.4         0.36666667  0.06666667  0.26666667  0.3         0.23333333
  0.2         0.26666667]
average score
0.2563333333333333
score std
0.09588129234747633

execution times
[ 0.00795174  0.00793982  0.00776911  0.00840807  0.00741696  0.00793386
  0.00814605  0.00930285  0.00795174  0.00902033  0.00895309  0.0078299
  0.00823712  0.01184797  0.01039505  0.01268506  0.00877213  0.00820994
  0.00925398  0.00867105  0.01300788  0.00910306  0.00960207  0.01330304
  0.00881624  0.01091313  0.01199412  0.00904799  0.00776696  0.01054192
  0.00874114  0.01070213  0.00747013  0.01210594  0.01002312  0.01004601
  0.02227187  0.01107883  0.010741    0.01492405  0.01185799  0.00755787
  0.00838304  0.00795007  0.00930691  0.01397014  0.00921798  0.02018905
  0.01248312  0.01239181  0.00892305  0.00964904  0.00864506  0.00939393
  0.00862575  0.00775599  0.01403499  0.00880504  0.01046586  0.01528096
  0.01084995  0.02485991  0.09725404  0.1167829   0.14508009  0.02659917
  0.03237104  0.01401401  0.02702212  0.00964975  0.01617932  0.01138496
  0.01169276  0.01085997  0.00911403  0.01433587  0.01229906  0.01029682
  0.00921202  0.00844002  0.02848196  0.00870085  0.00863433  0.00931406
  0.01020789  0.01198578  0.01308632  0.00891018  0.00863886  0.00863004
  0.00834084  0.00812793  0.00708389  0.00704503  0.00767708  0.00857186
  0.00922012  0.00925708  0.00739288  0.00803876]
average time
0.014294276237487793
time std
0.01941414985483054

             precision    recall  f1-score   support

        add       0.00      0.00      0.00       562
        bad       0.00      0.00      0.00       103
        bye       0.00      0.00      0.00       108
     cancel       0.00      0.00      0.00       133
     delete       0.00      0.00      0.00       129
        get       0.28      0.79      0.41       880
   greeting       0.00      0.00      0.00        97
       help       0.15      0.10      0.12       723
         ok       0.00      0.00      0.00        81
  saymyname       0.00      0.00      0.00        63
     thanks       0.00      0.00      0.00        66
    welcome       0.00      0.00      0.00        55

avg / total       0.12      0.26      0.15      3000
