EXTRACTED INFO

confusion_matrix
[[  0   0   0   0   0 439   0 106   0   0   0   0]
 [  0   0   0   0   0  76   0  25   0   0   0   0]
 [  0   0   0   0   0  86   0  25   0   0   0   0]
 [  0   0   0   0   0 142   0  32   0   0   0   0]
 [  0   0   0   0   0 121   0  25   0   0   0   0]
 [  0   0   0   0   0 589   0 214   0   0   0   0]
 [  0   0   0   0   0 102   0  23   0   0   0   0]
 [  0   0   0   0   0 616   0  92   0   0   0   0]
 [  0   0   0   0   0  64   0  14   0   0   0   0]
 [  0   0   0   0   0  49   0  17   0   0   0   0]
 [  0   0   0   0   0  64   0  16   0   0   0   0]
 [  0   0   0   0   0  55   0   8   0   0   0   0]]

score means
[ 0.13333333  0.26666667  0.2         0.13333333  0.33333333  0.3         0.3
  0.03333333  0.33333333  0.36666667  0.23333333  0.13333333  0.06666667
  0.36666667  0.26666667  0.16666667  0.1         0.26666667  0.16666667
  0.1         0.26666667  0.2         0.26666667  0.23333333  0.23333333
  0.2         0.16666667  0.4         0.2         0.1         0.26666667
  0.13333333  0.16666667  0.3         0.26666667  0.2         0.2
  0.33333333  0.36666667  0.2         0.13333333  0.1         0.
  0.06666667  0.2         0.16666667  0.3         0.16666667  0.26666667
  0.2         0.33333333  0.13333333  0.26666667  0.26666667  0.36666667
  0.2         0.36666667  0.16666667  0.2         0.13333333  0.16666667
  0.2         0.1         0.26666667  0.13333333  0.13333333  0.26666667
  0.23333333  0.26666667  0.2         0.16666667  0.33333333  0.26666667
  0.16666667  0.23333333  0.33333333  0.3         0.23333333  0.2
  0.23333333  0.3         0.46666667  0.03333333  0.3         0.26666667
  0.3         0.16666667  0.3         0.26666667  0.33333333  0.36666667
  0.23333333  0.36666667  0.3         0.06666667  0.16666667  0.2
  0.23333333  0.26666667  0.33333333]
average score
0.22699999999999995
score std
0.09014741014336215

execution times
[ 0.00780702  0.00745797  0.00744486  0.0083158   0.00718522  0.00614619
  0.00880694  0.00750685  0.00747395  0.00640202  0.0061729   0.00742793
  0.00896001  0.00626111  0.00850606  0.00598884  0.00867128  0.00776291
  0.00638485  0.00615597  0.00604105  0.00735307  0.00680494  0.00648379
  0.0066998   0.0061748   0.00837517  0.00717807  0.00619316  0.00778294
  0.00886703  0.0079658   0.00605893  0.00615978  0.00611687  0.01104426
  0.00762701  0.00899172  0.00696182  0.00752997  0.00617218  0.00640011
  0.00676799  0.00823331  0.00627828  0.00660014  0.00833082  0.00629401
  0.00843096  0.00762081  0.00623822  0.00618005  0.00912499  0.00606894
  0.00884628  0.00635815  0.00731397  0.0076859   0.00694299  0.00777006
  0.00780416  0.00702882  0.00630879  0.00618887  0.00850701  0.0060029
  0.00675201  0.00606418  0.00667024  0.00858116  0.00619388  0.00639224
  0.00797701  0.00770402  0.00617599  0.00632691  0.00647187  0.00745893
  0.00745583  0.00621676  0.00626516  0.01163816  0.00611305  0.00612402
  0.00622106  0.00799894  0.00634098  0.00610733  0.0076499   0.00675607
  0.00791192  0.00658679  0.00816512  0.00703287  0.00765514  0.00755692
  0.00739622  0.00834417  0.00633073  0.00787997]
average time
0.0072126293182373045
time std
0.001075104923622286

             precision    recall  f1-score   support

        add       0.00      0.00      0.00       545
        bad       0.00      0.00      0.00       101
        bye       0.00      0.00      0.00       111
     cancel       0.00      0.00      0.00       174
     delete       0.00      0.00      0.00       146
        get       0.25      0.73      0.37       803
   greeting       0.00      0.00      0.00       125
       help       0.15      0.13      0.14       708
         ok       0.00      0.00      0.00        78
  saymyname       0.00      0.00      0.00        66
     thanks       0.00      0.00      0.00        80
    welcome       0.00      0.00      0.00        63

avg / total       0.10      0.23      0.13      3000
