EXTRACTED INFO

confusion_matrix
[[  0   0   0   0   0 494   0  56   0   0   0   0]
 [  0   0   0   0   0 111   0  13   0   0   0   0]
 [  0   0   0   0   0  98   0  11   0   0   0   0]
 [  0   0   0   0   0 143   0  20   0   0   0   0]
 [  0   0   0   0   0  99   0  12   0   0   0   0]
 [  0   0   0   0   0 697   0 133   0   0   0   0]
 [  0   0   0   0   0  90   0   6   0   0   0   0]
 [  0   0   0   0   0 685   0  55   0   0   0   0]
 [  0   0   0   0   0  65   0   5   0   0   0   0]
 [  0   0   0   0   0  48   0  22   0   0   0   0]
 [  0   0   0   0   0  72   0   5   0   0   0   0]
 [  0   0   0   0   0  55   0   5   0   0   0   0]]

score means
[ 0.3         0.23333333  0.4         0.13333333  0.3         0.23333333
  0.33333333  0.33333333  0.26666667  0.43333333  0.26666667  0.26666667
  0.13333333  0.33333333  0.3         0.33333333  0.23333333  0.26666667
  0.26666667  0.36666667  0.3         0.26666667  0.2         0.2
  0.26666667  0.26666667  0.3         0.1         0.16666667  0.2
  0.16666667  0.56666667  0.16666667  0.26666667  0.26666667  0.23333333
  0.36666667  0.46666667  0.2         0.2         0.3         0.33333333
  0.3         0.23333333  0.4         0.06666667  0.1         0.3
  0.16666667  0.36666667  0.3         0.23333333  0.1         0.03333333
  0.16666667  0.06666667  0.2         0.46666667  0.13333333  0.13333333
  0.33333333  0.3         0.4         0.3         0.26666667  0.13333333
  0.23333333  0.23333333  0.16666667  0.33333333  0.33333333  0.13333333
  0.13333333  0.03333333  0.3         0.16666667  0.1         0.2         0.2
  0.2         0.46666667  0.33333333  0.36666667  0.3         0.2         0.2
  0.13333333  0.36666667  0.3         0.23333333  0.03333333  0.23333333
  0.33333333  0.13333333  0.13333333  0.26666667  0.4         0.23333333
  0.26666667  0.33333333]
average score
0.25066666666666665
score std
0.10300809029715416

execution times
[ 0.00966096  0.00811195  0.00816584  0.01107907  0.01100016  0.00889015
  0.01227498  0.00932884  0.00935292  0.01192617  0.01519084  0.00943685
  0.01044106  0.00956273  0.00996208  0.0094161   0.00805616  0.011765
  0.01113105  0.01027679  0.01077986  0.01096177  0.00859499  0.00848985
  0.00801277  0.01014495  0.01172304  0.01085305  0.00911212  0.00862193
  0.00982666  0.00960398  0.0083282   0.00895524  0.00942612  0.00984979
  0.011374    0.00929832  0.00862312  0.00809717  0.00945473  0.0082252
  0.00988317  0.01085615  0.00820088  0.00798011  0.00800395  0.01088619
  0.00809336  0.01190591  0.01423311  0.00943375  0.00806975  0.00788689
  0.00985885  0.00888228  0.01099396  0.00899482  0.00828218  0.01448393
  0.0080657   0.00854015  0.01058292  0.00834584  0.00921392  0.00813627
  0.00812888  0.00980496  0.00982404  0.010849    0.00794315  0.00812411
  0.00875616  0.00823402  0.00907707  0.00816417  0.01219988  0.00923085
  0.00872874  0.00973296  0.0106349   0.00812793  0.00812006  0.008183
  0.00850606  0.01007366  0.00801015  0.00875092  0.00841689  0.01022005
  0.00802112  0.00993919  0.00885987  0.00988579  0.00823283  0.00821209
  0.00812602  0.00968194  0.00887799  0.00893021]
average time
0.009498093128204346
time std
0.0014687445854089834

             precision    recall  f1-score   support

        add       0.00      0.00      0.00       550
        bad       0.00      0.00      0.00       124
        bye       0.00      0.00      0.00       109
     cancel       0.00      0.00      0.00       163
     delete       0.00      0.00      0.00       111
        get       0.26      0.84      0.40       830
   greeting       0.00      0.00      0.00        96
       help       0.16      0.07      0.10       740
         ok       0.00      0.00      0.00        70
  saymyname       0.00      0.00      0.00        70
     thanks       0.00      0.00      0.00        77
    welcome       0.00      0.00      0.00        60

avg / total       0.11      0.25      0.14      3000
