EXTRACTED INFO

confusion_matrix
[[  0   0   0   0   0 430   0 160   0   0   0   0]
 [  0   0   0   0   0  72   0  30   0   0   0   0]
 [  0   0   0   0   0  88   0  25   0   0   0   0]
 [  0   0   0   0   0 126   0  35   0   0   0   0]
 [  0   0   0   0   0 132   0  28   0   0   0   0]
 [  0   0   0   0   0 548   0 254   0   0   0   0]
 [  0   0   0   0   0  85   0  22   0   0   0   0]
 [  0   0   0   0   0 573   0 100   0   0   0   0]
 [  0   0   0   0   0  77   0  20   0   0   0   0]
 [  0   0   0   0   0  41   0  17   0   0   0   0]
 [  0   0   0   0   0  53   0  16   0   0   0   0]
 [  0   0   0   0   0  54   0  14   0   0   0   0]]

score means
[ 0.16666667  0.33333333  0.2         0.16666667  0.13333333  0.03333333
  0.1         0.33333333  0.26666667  0.33333333  0.1         0.2
  0.23333333  0.2         0.23333333  0.1         0.3         0.2         0.3
  0.16666667  0.2         0.16666667  0.16666667  0.06666667  0.16666667
  0.36666667  0.3         0.23333333  0.23333333  0.43333333  0.26666667
  0.36666667  0.06666667  0.23333333  0.26666667  0.33333333  0.26666667
  0.16666667  0.03333333  0.2         0.16666667  0.16666667  0.3
  0.16666667  0.3         0.33333333  0.1         0.33333333  0.23333333
  0.26666667  0.1         0.03333333  0.3         0.33333333  0.36666667
  0.26666667  0.23333333  0.1         0.23333333  0.3         0.03333333
  0.23333333  0.2         0.2         0.16666667  0.33333333  0.23333333
  0.1         0.16666667  0.2         0.23333333  0.16666667  0.3         0.3
  0.13333333  0.16666667  0.16666667  0.26666667  0.26666667  0.26666667
  0.2         0.26666667  0.33333333  0.1         0.23333333  0.13333333
  0.16666667  0.13333333  0.2         0.4         0.13333333  0.3
  0.26666667  0.23333333  0.13333333  0.23333333  0.23333333  0.23333333
  0.06666667  0.2       ]
average score
0.21600000000000003
score std
0.08762039336440652

execution times
[ 0.00662899  0.00653005  0.00842094  0.00629711  0.00636721  0.00705791
  0.00679493  0.0069561   0.00609875  0.00609303  0.00619197  0.00677204
  0.0064311   0.00618887  0.00607204  0.0067029   0.00802803  0.00780106
  0.00799513  0.00620413  0.0062201   0.00608015  0.00607419  0.0077219
  0.00681019  0.00830388  0.00613213  0.00618601  0.00612617  0.00624704
  0.00624275  0.00725889  0.00610113  0.0077951   0.00614405  0.00639796
  0.00618196  0.00786996  0.00645924  0.00623107  0.00606298  0.00650024
  0.00789714  0.006145    0.00641108  0.00609088  0.00633073  0.00614405
  0.00703382  0.00625014  0.00608993  0.00751495  0.00604391  0.00811791
  0.006181    0.00618911  0.00609279  0.00642991  0.00640988  0.00737596
  0.00615215  0.00637197  0.00695682  0.00623083  0.00781226  0.00629711
  0.00613999  0.00628185  0.00610995  0.00604486  0.00690675  0.00599313
  0.00611424  0.00634503  0.00730896  0.00613976  0.00789404  0.00777006
  0.00618505  0.00721502  0.00614977  0.00626302  0.00615501  0.006253
  0.00643182  0.00608015  0.00798321  0.00614333  0.00605702  0.00607514
  0.00795078  0.00617909  0.00632668  0.00747108  0.00606418  0.0062089
  0.00636888  0.00609326  0.00656724  0.0061419 ]
average time
0.0066076087951660156
time std
0.0006645707827442769

             precision    recall  f1-score   support

        add       0.00      0.00      0.00       590
        bad       0.00      0.00      0.00       102
        bye       0.00      0.00      0.00       113
     cancel       0.00      0.00      0.00       161
     delete       0.00      0.00      0.00       160
        get       0.24      0.68      0.36       802
   greeting       0.00      0.00      0.00       107
       help       0.14      0.15      0.14       673
         ok       0.00      0.00      0.00        97
  saymyname       0.00      0.00      0.00        58
     thanks       0.00      0.00      0.00        69
    welcome       0.00      0.00      0.00        68

avg / total       0.10      0.22      0.13      3000
