EXTRACTED INFO

confusion_matrix
[[  0   0   0   0   0 432   0  68   0   0   0   0]
 [  0   0   0   0   0  91   0  21   0   0   0   0]
 [  0   0   0   0   0  85   0  30   0   0   0   0]
 [  0   0   0   0   0 147   0  34   0   0   0   0]
 [  0   0   0   0   0 154   0  19   0   0   0   0]
 [  0   0   0   0   0 676   0 155   0   0   0   0]
 [  0   0   0   0   0  67   0  15   0   0   0   0]
 [  0   0   0   0   0 621   0  66   0   0   0   0]
 [  0   0   0   0   0  80   0  15   0   0   0   0]
 [  0   0   0   0   0  56   0  11   0   0   0   0]
 [  0   0   0   0   0  68   0  17   0   0   0   0]
 [  0   0   0   0   0  64   0   8   0   0   0   0]]

score means
[ 0.26666667  0.1         0.2         0.3         0.43333333  0.26666667
  0.26666667  0.16666667  0.4         0.1         0.23333333  0.36666667
  0.16666667  0.26666667  0.2         0.3         0.16666667  0.26666667
  0.36666667  0.16666667  0.33333333  0.16666667  0.26666667  0.36666667
  0.1         0.26666667  0.3         0.43333333  0.13333333  0.13333333
  0.5         0.26666667  0.23333333  0.1         0.16666667  0.3         0.1
  0.2         0.2         0.36666667  0.36666667  0.23333333  0.13333333
  0.33333333  0.23333333  0.4         0.26666667  0.3         0.2
  0.23333333  0.23333333  0.26666667  0.2         0.13333333  0.33333333
  0.16666667  0.06666667  0.13333333  0.33333333  0.2         0.23333333
  0.16666667  0.26666667  0.2         0.03333333  0.33333333  0.16666667
  0.23333333  0.2         0.2         0.23333333  0.16666667  0.33333333
  0.3         0.23333333  0.33333333  0.2         0.13333333  0.2
  0.13333333  0.26666667  0.33333333  0.26666667  0.1         0.43333333
  0.26666667  0.2         0.33333333  0.3         0.4         0.16666667
  0.3         0.33333333  0.26666667  0.16666667  0.3         0.23333333
  0.3         0.4         0.36666667]
average score
0.2473333333333333
score std
0.09287745809518165

execution times
[ 0.00933909  0.0093329   0.01151514  0.017519    0.01111388  0.04094696
  0.01586676  0.01173687  0.01433706  0.01204681  0.01583385  0.01109385
  0.01081109  0.01075888  0.01005101  0.01197386  0.01019788  0.02772999
  0.01162887  0.01266909  0.01033974  0.01499104  0.03190112  0.01111984
  0.01044297  0.01563597  0.01192093  0.00939584  0.00931931  0.01070309
  0.0112021   0.01012397  0.01864791  0.01044798  0.00916719  0.0103631
  0.01788402  0.00948095  0.01236892  0.01190996  0.01082397  0.01019526
  0.00851798  0.01180482  0.01202488  0.01035619  0.0180192   0.00989485
  0.01068807  0.01026201  0.00981998  0.01067615  0.0144999   0.01870608
  0.00890017  0.00948095  0.01020384  0.00899315  0.01006103  0.00987482
  0.00962186  0.00952029  0.0107789   0.00798774  0.00810409  0.00970125
  0.01382613  0.01999784  0.009938    0.02429008  0.00958705  0.00892758
  0.01240015  0.028754    0.02443504  0.00949073  0.0177362   0.01489997
  0.010638    0.0099659   0.00936103  0.01026011  0.00908685  0.00875998
  0.00798678  0.01578808  0.00954795  0.00969696  0.00967693  0.0116539
  0.01163387  0.01213193  0.01669407  0.01140022  0.01122308  0.01198101
  0.00924397  0.01265001  0.00990105  0.01153302]
average time
0.012584836483001708
time std
0.005228597506430319

             precision    recall  f1-score   support

        add       0.00      0.00      0.00       500
        bad       0.00      0.00      0.00       112
        bye       0.00      0.00      0.00       115
     cancel       0.00      0.00      0.00       181
     delete       0.00      0.00      0.00       173
        get       0.27      0.81      0.40       831
   greeting       0.00      0.00      0.00        82
       help       0.14      0.10      0.12       687
         ok       0.00      0.00      0.00        95
  saymyname       0.00      0.00      0.00        67
     thanks       0.00      0.00      0.00        85
    welcome       0.00      0.00      0.00        72

avg / total       0.11      0.25      0.14      3000
