EXTRACTED INFO

confusion_matrix
[[  0   0   0   0   0 490   0  68   0   0   0   0]
 [  0   0   0   0   0  86   0  12   0   0   0   0]
 [  0   0   0   0   0  84   0  12   0   0   0   0]
 [  0   0   0   0   0 137   0  24   0   0   0   0]
 [  0   0   0   0   0 136   0  19   0   0   0   0]
 [  0   0   0   0   0 671   0 137   0   0   0   0]
 [  0   0   0   0   0 119   0   9   0   0   0   0]
 [  0   0   0   0   0 648   0  74   0   0   0   0]
 [  0   0   0   0   0  78   0  15   0   0   0   0]
 [  0   0   0   0   0  49   0  11   0   0   0   0]
 [  0   0   0   0   0  57   0  11   0   0   0   0]
 [  0   0   0   0   0  48   0   5   0   0   0   0]]

score means
[ 0.06666667  0.13333333  0.26666667  0.13333333  0.16666667  0.26666667
  0.1         0.4         0.36666667  0.26666667  0.33333333  0.2
  0.13333333  0.13333333  0.23333333  0.23333333  0.26666667  0.16666667
  0.2         0.2         0.16666667  0.36666667  0.36666667  0.33333333
  0.2         0.26666667  0.1         0.23333333  0.13333333  0.4
  0.13333333  0.36666667  0.26666667  0.36666667  0.4         0.2         0.3
  0.03333333  0.06666667  0.16666667  0.2         0.3         0.33333333
  0.33333333  0.26666667  0.36666667  0.3         0.16666667  0.13333333
  0.33333333  0.5         0.33333333  0.36666667  0.1         0.2
  0.13333333  0.16666667  0.16666667  0.16666667  0.26666667  0.2
  0.26666667  0.46666667  0.3         0.36666667  0.4         0.5         0.4
  0.2         0.13333333  0.33333333  0.26666667  0.23333333  0.3
  0.33333333  0.13333333  0.1         0.1         0.1         0.3
  0.23333333  0.26666667  0.3         0.3         0.23333333  0.33333333
  0.3         0.2         0.36666667  0.16666667  0.16666667  0.33333333
  0.13333333  0.26666667  0.33333333  0.16666667  0.23333333  0.2
  0.33333333  0.26666667]
average score
0.2483333333333333
score std
0.10103629710818451

execution times
[ 0.00684309  0.00721407  0.00682092  0.01017499  0.0070672   0.00749803
  0.00696278  0.00711799  0.00690413  0.00680089  0.00682902  0.00867319
  0.0070231   0.00657415  0.00685596  0.00775003  0.00911522  0.0071671
  0.00672793  0.00797391  0.00720835  0.00688887  0.00694013  0.00761199
  0.008672    0.00671792  0.0084753   0.00704789  0.00697112  0.00684595
  0.00688314  0.00861788  0.00716186  0.00875616  0.00662398  0.00685835
  0.00781798  0.00830579  0.00674605  0.00803399  0.00686169  0.00686622
  0.00713181  0.00689292  0.00692368  0.00676489  0.00681496  0.00929785
  0.00764275  0.0081799   0.00685596  0.00667524  0.00686693  0.00682092
  0.00689793  0.00669789  0.00687385  0.00912571  0.00816584  0.0068152
  0.0077281   0.00687909  0.008075    0.00666285  0.00694895  0.00903487
  0.00705624  0.00681114  0.00651073  0.00676417  0.00905895  0.00685835
  0.00917816  0.00820112  0.00826097  0.00691199  0.00662804  0.00662804
  0.00662208  0.00685096  0.00682592  0.00829005  0.00673771  0.00868201
  0.00693703  0.00729322  0.00696421  0.00673318  0.00693417  0.00885606
  0.00809884  0.00679207  0.00693083  0.00691915  0.00746894  0.00894904
  0.00680804  0.00879526  0.00854969  0.00688529]
average time
0.007405710220336914
time std
0.0008334873330214754

             precision    recall  f1-score   support

        add       0.00      0.00      0.00       558
        bad       0.00      0.00      0.00        98
        bye       0.00      0.00      0.00        96
     cancel       0.00      0.00      0.00       161
     delete       0.00      0.00      0.00       155
        get       0.26      0.83      0.39       808
   greeting       0.00      0.00      0.00       128
       help       0.19      0.10      0.13       722
         ok       0.00      0.00      0.00        93
  saymyname       0.00      0.00      0.00        60
     thanks       0.00      0.00      0.00        68
    welcome       0.00      0.00      0.00        53

avg / total       0.11      0.25      0.14      3000
