EXTRACTED INFO

confusion_matrix
[[  0   0   0   0   0 495   0  81   0   0   0   0]
 [  0   0   0   0   0  87   0  17   0   0   0   0]
 [  0   0   0   0   0  86   0  13   0   0   0   0]
 [  0   0   0   0   0 134   0  20   0   0   0   0]
 [  0   0   0   0   0 121   0  11   0   0   0   0]
 [  0   0   0   0   0 618   0 148   0   0   0   0]
 [  0   0   0   0   0 104   0   9   0   0   0   0]
 [  0   0   0   0   0 672   0  79   0   0   0   0]
 [  0   0   0   0   0  70   0   6   0   0   0   0]
 [  0   0   0   0   0  63   0   8   0   0   0   0]
 [  0   0   0   0   0  72   0  19   0   0   0   0]
 [  0   0   0   0   0  61   0   6   0   0   0   0]]

score means
[ 0.26666667  0.23333333  0.1         0.33333333  0.4         0.16666667
  0.2         0.2         0.2         0.23333333  0.4         0.16666667
  0.23333333  0.3         0.2         0.1         0.3         0.16666667
  0.33333333  0.2         0.26666667  0.3         0.33333333  0.06666667
  0.4         0.13333333  0.1         0.3         0.16666667  0.1
  0.33333333  0.26666667  0.26666667  0.2         0.16666667  0.2         0.1
  0.23333333  0.36666667  0.26666667  0.23333333  0.33333333  0.23333333
  0.33333333  0.26666667  0.03333333  0.26666667  0.13333333  0.26666667
  0.23333333  0.2         0.2         0.2         0.13333333  0.26666667
  0.3         0.1         0.16666667  0.23333333  0.16666667  0.33333333
  0.26666667  0.3         0.26666667  0.13333333  0.26666667  0.1
  0.36666667  0.23333333  0.33333333  0.3         0.23333333  0.33333333
  0.33333333  0.36666667  0.23333333  0.1         0.2         0.13333333
  0.3         0.3         0.26666667  0.1         0.2         0.3
  0.26666667  0.33333333  0.2         0.23333333  0.16666667  0.33333333
  0.03333333  0.2         0.3         0.13333333  0.23333333  0.23333333
  0.2         0.3         0.16666667]
average score
0.23233333333333334
score std
0.08425556361451747

execution times
[ 0.02537608  0.00619078  0.00618911  0.00612426  0.00633001  0.00772285
  0.00619388  0.00996828  0.00667     0.00629973  0.00796199  0.00611115
  0.00710392  0.0081811   0.00619602  0.00617599  0.00613093  0.00748396
  0.00617695  0.00618768  0.00618386  0.00632191  0.00752711  0.00811696
  0.0064671   0.00620413  0.00629234  0.00804591  0.00606179  0.006073
  0.00762272  0.00620604  0.00627112  0.00781131  0.00593805  0.0061729
  0.00625992  0.00613594  0.00846171  0.00609827  0.00612283  0.00620508
  0.00731611  0.00624704  0.008605    0.00609803  0.00622487  0.00625682
  0.00611472  0.00635099  0.00639415  0.00727081  0.00609493  0.00653076
  0.00767517  0.006109    0.00619006  0.00612879  0.00609684  0.00608325
  0.00625896  0.00611305  0.00801086  0.00693893  0.00780177  0.00617719
  0.00764418  0.00618577  0.00612617  0.00966668  0.00619125  0.00607109
  0.00731206  0.00627995  0.01093817  0.00618529  0.00806403  0.00773311
  0.00607705  0.00612307  0.00634384  0.00606894  0.00754166  0.00596905
  0.0061698   0.0082562   0.00606704  0.00781298  0.00611877  0.0061729
  0.00613308  0.00600004  0.00611806  0.00601602  0.00611782  0.00605297
  0.00654268  0.0072782   0.00624418  0.00604415]
average time
0.0069012904167175294
time std
0.0020843705005720568

             precision    recall  f1-score   support

        add       0.00      0.00      0.00       576
        bad       0.00      0.00      0.00       104
        bye       0.00      0.00      0.00        99
     cancel       0.00      0.00      0.00       154
     delete       0.00      0.00      0.00       132
        get       0.24      0.81      0.37       766
   greeting       0.00      0.00      0.00       113
       help       0.19      0.11      0.14       751
         ok       0.00      0.00      0.00        76
  saymyname       0.00      0.00      0.00        71
     thanks       0.00      0.00      0.00        91
    welcome       0.00      0.00      0.00        67

avg / total       0.11      0.23      0.13      3000
