EXTRACTED INFO

confusion_matrix
[[  0   0   0   0   0 454   0 124   0   0   0   0]
 [  0   0   0   0   0  87   0  32   0   0   0   0]
 [  0   0   0   0   0  80   0  19   0   0   0   0]
 [  0   0   0   0   0 138   0  39   0   0   0   0]
 [  0   0   0   0   0 122   0  29   0   0   0   0]
 [  0   0   0   0   0 606   0 264   0   0   0   0]
 [  0   0   0   0   0  65   0  16   0   0   0   0]
 [  0   0   0   0   0 556   0 109   0   0   0   0]
 [  0   0   0   0   0  63   0  20   0   0   0   0]
 [  0   0   0   0   0  39   0  17   0   0   0   0]
 [  0   0   0   0   0  52   0  12   0   0   0   0]
 [  0   0   0   0   0  43   0  14   0   0   0   0]]

score means
[ 0.1         0.2         0.13333333  0.23333333  0.3         0.33333333
  0.26666667  0.16666667  0.26666667  0.2         0.46666667  0.16666667
  0.33333333  0.06666667  0.23333333  0.16666667  0.33333333  0.2         0.2
  0.13333333  0.3         0.26666667  0.33333333  0.23333333  0.4
  0.33333333  0.03333333  0.23333333  0.06666667  0.23333333  0.4         0.3
  0.43333333  0.33333333  0.33333333  0.3         0.13333333  0.3
  0.26666667  0.26666667  0.13333333  0.2         0.16666667  0.36666667
  0.26666667  0.3         0.26666667  0.36666667  0.16666667  0.2
  0.26666667  0.13333333  0.26666667  0.1         0.23333333  0.13333333
  0.3         0.2         0.1         0.33333333  0.2         0.2
  0.26666667  0.23333333  0.3         0.16666667  0.1         0.26666667
  0.33333333  0.23333333  0.23333333  0.26666667  0.26666667  0.26666667
  0.1         0.3         0.1         0.33333333  0.03333333  0.1         0.4
  0.23333333  0.1         0.33333333  0.16666667  0.2         0.43333333
  0.13333333  0.16666667  0.23333333  0.06666667  0.3         0.2         0.3
  0.33333333  0.2         0.23333333  0.33333333  0.26666667  0.4       ]
average score
0.2383333333333333
score std
0.09479510067039916

execution times
[ 0.00828099  0.00848699  0.00702524  0.00719786  0.00720692  0.00781322
  0.00674105  0.00769687  0.00882506  0.00696874  0.00691295  0.00665998
  0.00680113  0.00666809  0.00801587  0.00681114  0.00937009  0.00669718
  0.00680184  0.00677681  0.00670791  0.00683188  0.00710297  0.00709677
  0.00835896  0.01047897  0.00752091  0.00878692  0.00750279  0.00832796
  0.00678086  0.006984    0.00679803  0.00802422  0.00685596  0.00692797
  0.00710297  0.0107882   0.00884891  0.00687575  0.00679684  0.00672293
  0.00821114  0.00896788  0.00700092  0.00703478  0.00679874  0.00671291
  0.006845    0.00678301  0.00692201  0.00680876  0.00817513  0.00671697
  0.00936484  0.00668788  0.00693917  0.00751805  0.00672102  0.00922298
  0.00721502  0.00952029  0.00788093  0.00709891  0.00714707  0.00661206
  0.00693917  0.00661993  0.00696611  0.00675297  0.00688887  0.00854301
  0.00699115  0.00695896  0.00952291  0.006881    0.00684309  0.006984
  0.00676799  0.00872898  0.00733089  0.00851607  0.00791192  0.00687289
  0.00687408  0.00770187  0.00672674  0.00909519  0.006881    0.00794911
  0.00672817  0.00769305  0.00706315  0.0068748   0.00928307  0.00687099
  0.00855398  0.00674391  0.0068121   0.00763869]
average time
0.007473959922790528
time std
0.0009332495682908386

             precision    recall  f1-score   support

        add       0.00      0.00      0.00       578
        bad       0.00      0.00      0.00       119
        bye       0.00      0.00      0.00        99
     cancel       0.00      0.00      0.00       177
     delete       0.00      0.00      0.00       151
        get       0.26      0.70      0.38       870
   greeting       0.00      0.00      0.00        81
       help       0.16      0.16      0.16       665
         ok       0.00      0.00      0.00        83
  saymyname       0.00      0.00      0.00        56
     thanks       0.00      0.00      0.00        64
    welcome       0.00      0.00      0.00        57

avg / total       0.11      0.24      0.15      3000
