EXTRACTED INFO

confusion_matrix
[[   0    0  124  656   21  250   19]
 [   0    0  250    3  256  740  201]
 [   0  440    0   12  776  677  469]
 [ 858   38  264    0   39  943   74]
 [  25  464  698    0    0   48    0]
 [ 132  933 2038 2307   57    0 1392]
 [  26  179 1231  104   56 2647    0]]

means
[ 0.93096836  0.94426752  0.95350318  0.93980892  0.93949045  0.93831895
  0.94904459  0.91910828  0.90286624  0.94936306  0.94267516  0.94235669
  0.93216561  0.92038217  0.90031847  0.9332055   0.94119527  0.94087568
  0.94630872  0.94394904  0.94394904  0.95031847  0.93352509  0.93312102
  0.92738854  0.93630573  0.93312102  0.92170022  0.94649682  0.9477707
  0.94299363  0.94299363  0.9433121   0.94936306  0.93280255  0.92675159
  0.93640141  0.93184713  0.94140127  0.93121019  0.92229299  0.94363057
  0.93184713  0.9402365   0.94299363  0.93799936  0.94343241  0.92929936
  0.94215404  0.95461809  0.9477707   0.92929936  0.94119527  0.93471338
  0.89936306  0.93726115  0.95477707  0.94394904  0.94171975  0.9433121
  0.93726115  0.92649409  0.9544586   0.92393736  0.94694791  0.93535032
  0.95        0.94012739  0.92898089  0.9566879   0.94044586  0.93471338
  0.9388535   0.95700637  0.93917197  0.92802548  0.95        0.94363057
  0.94681529  0.94247363  0.95877277  0.93471338  0.93566879  0.94713376
  0.92834395  0.95063694  0.93630573  0.95414013  0.91847134  0.94458599
  0.91433121  0.93959732  0.93566879  0.9343949   0.95191083  0.9433121
  0.92643312  0.93128795  0.9366242   0.93343949]

average
0.938019643646

std
0.0112593410061
