EXTRACTED INFO

confusion_matrix
[[42444     0   107   533     3   395    19]
 [    0 44626   242    34   418   979   154]
 [    3   324 44662    12   784   502   307]
 [  864    30   261 44123    31   879    82]
 [   34   491   567     1 43041    37    26]
 [  157  1033  1750  2088    84 37351  1531]
 [   19   133  1058   114    50  2776 38467]]

score means
[ 0.94235669  0.93980892  0.93375796  0.92770701  0.94458599  0.93789809
  0.93917197  0.93375796  0.94279322  0.94630872  0.93789809  0.94713376
  0.94394904  0.94267516  0.94299363  0.93831895  0.94203822  0.93407643
  0.94471077  0.94235669  0.94904459  0.93471338  0.93471338  0.94171975
  0.93192713  0.93312102  0.95        0.93726115  0.92611465  0.93566879
  0.93503185  0.95174177  0.9388535   0.94522293  0.93736018  0.94076433
  0.93821656  0.93917197  0.94215404  0.9410828   0.94087568  0.93471338
  0.94012739  0.93694268  0.94183445  0.9332055   0.93853503  0.94439118
  0.94534995  0.93375796  0.94151486  0.93535032  0.94426752  0.95
  0.95174177  0.93726115  0.93192713  0.93608182  0.93726115  0.94394904
  0.93375796  0.9402365   0.94012739  0.93767977  0.94617834  0.93089172
  0.9388535   0.93959732  0.92809204  0.94279322  0.94203822  0.9410828
  0.94247363  0.94458599  0.93726115  0.93736018  0.94087568  0.93799936
  0.94598913  0.93949045  0.936721    0.93736018  0.94087568  0.93343949
  0.9388535   0.93288591  0.9410828   0.94490446  0.93375796  0.94203822
  0.94840764  0.93949045  0.94649682  0.9433121   0.94279322  0.93927772
  0.93192713  0.93853503  0.93726115  0.94585987]
average score
0.939699136697384
score std
0.005130656393499121

execution times
[ 2.6795814   2.84152675  3.12775612  2.47623754  3.22958875  4.05647135
  4.60341287  3.71158075  3.9631319   5.13916969  3.40004063  3.58903599
  4.64596128  3.61499357  4.04238772  2.64269161  3.30259371  3.88133574
  5.4695549   4.45142412  3.54555345  4.27914381  3.12911344  3.64962602
  2.83658123  2.69618297  4.00074482  2.69301391  3.05671906  3.4825027
  2.02483582  5.04630136  2.98541617  4.5867238   3.24632478  3.05053878
  4.18530416  2.07872534  2.9561131   4.67372489  4.26929092  4.46771002
  3.50421286  3.20926809  2.99150276  2.90402913  4.67698956  3.96337104
  4.66345596  2.94797993  3.55640769  2.40335727  4.96592879  3.62847066
  5.34371567  3.52858996  3.32909107  2.59581208  3.44359255  4.05224967
  3.63156629  2.87856364  3.60838294  4.34510994  4.60717678  3.6639154
  4.12429094  2.89055562  2.84529829  2.95413542  3.90830255  3.03779936
  5.37987208  2.8026278   3.41489625  4.39371872  4.323457    4.38187194
  4.37167287  3.29964828  2.23833728  3.87643218  3.42852211  2.78599072
  4.11124229  3.01264691  2.64031863  5.37720156  2.47897983  2.64534521
  3.77683878  3.55323195  4.00721622  3.44821477  5.17930603  3.80800891
  2.17339134  2.36862946  3.18823457  3.9865706 ]
average time
3.604642131328583
time std
0.817010347581102

                      precision    recall  f1-score   support

       AddToPlaylist       0.98      0.98      0.98     43501
      BookRestaurant       0.96      0.96      0.96     46453
          GetWeather       0.92      0.96      0.94     46594
           PlayMusic       0.94      0.95      0.95     46270
            RateBook       0.97      0.97      0.97     44197
  SearchCreativeWork       0.87      0.85      0.86     43994
SearchScreeningEvent       0.95      0.90      0.92     42617

         avg / total       0.94      0.94      0.94    313626
