EXTRACTED INFO

confusion_matrix
[[42708     0   155   291    14   395    39]
 [    0 44549   303    10   251   703   261]
 [   24   303 45317    22   485   434   164]
 [  727    20   240 44203    19  1066   104]
 [    1   436   160     2 43193    93    37]
 [  107  1161  1617  2096   102 37924  1258]
 [    1   127   946   177    39  2619 38910]]

score means
[ 0.943752    0.94171975  0.94534995  0.9477707   0.94171975  0.94585987
  0.95095541  0.94363057  0.94363057  0.93736018  0.94630872  0.95
  0.9477707   0.94808917  0.92866242  0.95110259  0.94299363  0.93980892
  0.94840764  0.94617834  0.94808917  0.94681529  0.94872611  0.94662832
  0.94279322  0.9455414   0.94171975  0.94183445  0.94458599  0.94840764
  0.93980892  0.94904459  0.93375796  0.9477707   0.94649682  0.94681529
  0.94681529  0.94904459  0.94649682  0.94936306  0.94458599  0.94649682
  0.94426752  0.9410828   0.94171975  0.94968153  0.9433121   0.94872611
  0.93566879  0.95031847  0.95142218  0.94044586  0.94044586  0.93980892
  0.9566879   0.94044586  0.9410828   0.94267516  0.95541401  0.94617834
  0.94363057  0.95127389  0.94936306  0.94630872  0.9433121   0.95063694
  0.95525727  0.95541401  0.94617834  0.94982422  0.94394904  0.94534995
  0.9455414   0.94745223  0.94585987  0.94267516  0.94055609  0.94363057
  0.94299363  0.95127389  0.94458599  0.9433121   0.94713376  0.94522293
  0.94566954  0.95031847  0.94968153  0.94363057  0.94872611  0.94872611
  0.94936306  0.94215404  0.94630872  0.94140127  0.9477707   0.95541401
  0.94649682  0.94904459  0.9455414   0.94681529]
average score
0.9457989101338821
score std
0.004484080294745509

execution times
[ 3.19682384  3.99799848  4.73996902  2.87896204  2.92954326  3.95867944
  4.4295485   4.32250118  2.81618094  3.17734551  3.36116076  5.63449478
  4.53732419  3.42207146  3.06193924  4.00901699  2.88920569  3.60543251
  4.11564088  2.71531796  3.80557418  3.57636261  3.414325    4.33883119
  2.7637198   3.27936745  3.42276978  3.71356106  3.0649879   3.59124708
  3.06599498  4.54976535  3.09907866  4.53406477  3.64070988  3.03135228
  4.20150471  4.02489519  3.549155    4.87647748  4.22336364  4.83372092
  3.65605378  3.22374463  3.93638873  3.60149646  3.57485867  4.03149557
  2.77913284  4.08376646  4.07256913  2.48966002  2.84565306  3.25203991
  4.39941835  2.69280028  3.29828811  3.09379268  3.85815978  4.20547295
  3.22861505  3.41726851  3.61532021  3.51861715  3.52568769  4.01849055
  4.58981204  4.17275429  3.82799625  3.93231392  3.9765861   3.96897244
  3.36762857  3.79890704  4.12461638  4.50567722  2.93039012  3.25727773
  4.32179999  4.06447029  4.57777476  3.15925074  3.47863102  3.45162821
  4.01657391  4.34926701  3.39658308  3.35970068  5.21304822  3.13383603
  5.52789664  3.02936745  3.45778346  3.77612281  3.58825517  3.9382987
  2.85741401  4.96572685  3.19120526  4.64972973]
average time
3.7277607226371767
time std
0.6461991081339715

                      precision    recall  f1-score   support

       AddToPlaylist       0.98      0.98      0.98     43602
      BookRestaurant       0.96      0.97      0.96     46077
          GetWeather       0.93      0.97      0.95     46749
           PlayMusic       0.94      0.95      0.95     46379
            RateBook       0.98      0.98      0.98     43922
  SearchCreativeWork       0.88      0.86      0.87     44265
SearchScreeningEvent       0.95      0.91      0.93     42819

         avg / total       0.95      0.95      0.95    313813
