EXTRACTED INFO

confusion_matrix
[[42593    14   219   541    37   207   126]
 [    6 44842   474    63   329   379   297]
 [   43   490 44963   103   492   154   221]
 [  613    76   333 44129     0   889   150]
 [    3   362   226     0 43235    74    28]
 [   69   758  1382  2105    69 39082   872]
 [    2   279  1274   173    21  2253 38752]]

score means
[ 0.94649682  0.950783    0.95046341  0.94950463  0.94681529  0.94522293
  0.95461809  0.94426752  0.9433121   0.95636943  0.9566879   0.95063694
  0.94503036  0.94394904  0.95014382  0.94012739  0.9455414   0.94617834
  0.9410828   0.94662832  0.94872611  0.94936306  0.9522293   0.94904459
  0.95286624  0.94490446  0.94267516  0.94840764  0.9455414   0.94968153
  0.95509554  0.94968153  0.94872611  0.95477707  0.94458599  0.94968153
  0.95095541  0.94790668  0.94617834  0.95063694  0.95254777  0.95127389
  0.95636943  0.9477707   0.94490446  0.94840764  0.94076433  0.95365932
  0.95127389  0.94171975  0.9455414   0.94936306  0.94267516  0.94808917
  0.94471077  0.95159236  0.95414013  0.95191083  0.94171975  0.94426752
  0.943752    0.94203822  0.95509554  0.94713376  0.94904459  0.94745223
  0.94808917  0.94968153  0.95732484  0.95414013  0.94585987  0.94681529
  0.95541401  0.95063694  0.95095541  0.94904459  0.93980892  0.94982422
  0.94247363  0.94585987  0.950783    0.94662832  0.9433121   0.9477707
  0.94745223  0.94171975  0.95732484  0.94918504  0.94872611  0.94617834
  0.94044586  0.94872611  0.95350318  0.94904459  0.95717482  0.94426752
  0.94904459  0.95270054  0.95        0.94299363]
average score
0.9483565148711561
score std
0.004306839146765641

execution times
[ 4.19630694  4.74994183  3.11894965  3.66997433  3.9044559   3.14420009
  4.13345385  3.5254209   3.12402749  4.15101719  3.17239642  4.86723328
  5.15791583  3.22496963  3.49629998  2.34352612  3.927068    3.18789244
  2.84466195  3.70397115  3.79473758  3.9468689   3.66491723  4.62998772
  4.03763986  2.62289596  3.14137626  4.0560956   4.32589388  3.87874722
  3.7525568   4.05363274  5.12617397  4.16926455  3.49682808  4.31030965
  4.59644771  3.48400378  3.81668139  3.13940477  3.86335325  3.00572801
  4.63502669  4.45740414  3.37590027  4.20361948  4.49266958  4.60751605
  4.48726916  2.49122334  3.58700013  3.7713387   3.66060352  2.75813723
  2.9750731   3.79881334  3.96791148  3.24465203  3.29798174  3.65476799
  4.4068985   3.34064889  3.8902843   4.28092504  3.25715232  4.28820729
  4.68648744  3.75543952  4.88405871  5.10470057  2.85539246  3.34365702
  4.54362512  3.66455293  3.14928579  3.52907753  2.9564116   4.21785879
  4.4601419   3.09713578  4.33372855  2.7210815   3.03856325  3.4675107
  3.38316679  4.50488806  4.36323428  2.93730283  2.90477395  2.7831049
  2.84761262  3.02407861  3.65642619  4.29306173  3.93871689  3.2919693
  2.99641943  5.16925073  5.14174199  3.4099772 ]
average time
3.7594268679618836
time std
0.6734398744185162

                      precision    recall  f1-score   support

       AddToPlaylist       0.98      0.97      0.98     43737
      BookRestaurant       0.96      0.97      0.96     46390
          GetWeather       0.92      0.97      0.94     46466
           PlayMusic       0.94      0.96      0.95     46190
            RateBook       0.98      0.98      0.98     43928
  SearchCreativeWork       0.91      0.88      0.89     44337
SearchScreeningEvent       0.96      0.91      0.93     42754

         avg / total       0.95      0.95      0.95    313802
