EXTRACTED INFO

confusion_matrix
[[   0   26  244  543   21  275   73]
 [  11    0  502   62  370  458  402]
 [  39  422    0   15  476  370   61]
 [ 749   81  219    0    1  743  192]
 [  17  313  289    0    0  148   19]
 [ 143  821 1621 2207   69    0  943]
 [   2  218 1056  150   47 1833    0]]

means
[ 0.94585987  0.94617834  0.94617834  0.93503185  0.95859873  0.95414013
  0.93407643  0.95477707  0.94681529  0.97038217  0.94522293  0.94936306
  0.94585987  0.95        0.94012739  0.96433121  0.95717482  0.95828025
  0.93853503  0.94311282  0.95828025  0.94745223  0.94662832  0.94617834
  0.94681529  0.94087568  0.95127389  0.9477707   0.95923567  0.91882391
  0.95        0.93503185  0.93694268  0.9410828   0.94087568  0.95
  0.94649682  0.94363057  0.95732484  0.94522293  0.9410828   0.96050955
  0.9343949   0.93312102  0.93917197  0.9477707   0.92292994  0.95286624
  0.9611465   0.95270054  0.93853503  0.94534995  0.94585987  0.95541401
  0.94904459  0.94394904  0.94171975  0.95159236  0.94840764  0.95573248
  0.96592357  0.96433121  0.95159236  0.93512304  0.94713376  0.92197452
  0.95        0.9477707   0.95063694  0.9566879   0.95365932  0.9477707
  0.95254777  0.93959732  0.9522293   0.95477707  0.95828025  0.96242038
  0.95813359  0.95493768  0.9566879   0.94407159  0.95318471  0.96656051
  0.95509554  0.93991691  0.94215404  0.94012739  0.94617834  0.95477707
  0.96242038  0.94808917  0.95605096  0.95923567  0.94617834  0.94235669
  0.94044586  0.93608182  0.94076433  0.94982422]

average
0.9482101574952214

std
0.009380347332843667