EXTRACTED INFO

confusion_matrix
[[42728     0   207   532    24   383    37]
 [    0 44774   285     1   333   902   229]
 [    1   342 44438    11   597   408   150]
 [  795    13   304 44001    30  1021    92]
 [   15   416   371     1 43081    26    27]
 [  128  1207  1859  2464    92 37064  1284]
 [    4   153  1054   115    40  2521 39242]]

score means
[ 0.93821656  0.94012739  0.94183445  0.92707006  0.94171975  0.93480345
  0.94151486  0.94649682  0.94713376  0.95031847  0.93959732  0.94490446
  0.94936306  0.94044586  0.94267516  0.93694268  0.94872611  0.94299363
  0.94299363  0.95541401  0.9388535   0.95063694  0.9410828   0.94713376
  0.9410828   0.94808917  0.94267516  0.9455414   0.94522293  0.94076433
  0.9388535   0.94235669  0.93863854  0.94426752  0.94140127  0.94235669
  0.93949045  0.94585987  0.9388535   0.94299363  0.94585987  0.93980892
  0.93598726  0.94087568  0.94012739  0.93831895  0.92745286  0.93726115
  0.94458599  0.93917197  0.93312102  0.93863854  0.9388535   0.936721
  0.94713376  0.93608182  0.94936306  0.94808917  0.94617834  0.94299363
  0.93949045  0.94681529  0.94617834  0.93630573  0.93726115  0.93789809
  0.9332055   0.93416427  0.94681529  0.93471338  0.93991691  0.93980892
  0.94534995  0.94140127  0.93949045  0.94171975  0.93064877  0.94267516
  0.94936306  0.93789809  0.93280255  0.93949045  0.94490446  0.94808917
  0.94012739  0.9388535   0.93480345  0.94617834  0.9410828   0.94012739
  0.93949045  0.93089172  0.94183445  0.9388535   0.9433121   0.93821656
  0.9388535   0.92993631  0.94585987  0.94171975]
average score
0.9411261732752777
score std
0.005120944938267784

execution times
[ 2.73056006  3.47068191  5.301229    3.145082    4.58998013  2.82232285
  4.19623446  5.14827681  4.01159072  5.17629313  3.16097975  4.69542599
  5.05873346  3.28130078  4.57132101  3.89258289  4.54442811  3.86900783
  5.14354205  5.11273646  4.92834854  5.21449614  4.78310776  4.16746092
  3.30141759  5.94721627  3.76321697  3.48698401  4.21200514  4.75189281
  3.62793326  5.58166981  3.90794444  3.78372979  4.14418888  4.26366401
  3.51294041  4.41177535  4.03644657  4.20933557  3.37008166  4.20564222
  2.94719768  4.31181169  4.19064236  4.44080091  3.2280879   4.45222282
  4.34258676  4.13179636  2.91819072  4.53377414  5.07311773  3.3280127
  4.08652472  4.00111914  4.09934282  4.71847177  5.66709685  4.37734389
  4.35686874  3.83801985  4.58175826  3.95444393  3.52236629  4.28342295
  3.40824366  2.67703223  4.55288363  3.69759297  3.95619559  3.72742462
  5.49462771  2.96089268  4.71334434  4.40829635  3.95871139  3.92754126
  4.88071227  5.52550817  3.16331339  4.08979392  4.48446012  6.46080613
  4.00974011  4.98197055  4.32292771  4.79463577  4.32603598  3.67908764
  3.71807718  3.06169629  4.96104956  3.70726609  4.25184965  5.37955403
  5.14716959  2.7339859   5.68873954  4.68106771]
average time
4.224510622024536
time std
0.7750856961330146

                      precision    recall  f1-score   support

       AddToPlaylist       0.98      0.97      0.98     43911
      BookRestaurant       0.95      0.96      0.96     46524
          GetWeather       0.92      0.97      0.94     45947
           PlayMusic       0.93      0.95      0.94     46256
            RateBook       0.97      0.98      0.98     43937
  SearchCreativeWork       0.88      0.84      0.86     44098
SearchScreeningEvent       0.96      0.91      0.93     43129

         avg / total       0.94      0.94      0.94    313802
