EXTRACTED INFO

confusion_matrix
[[   0    2  262  529   22  209   38]
 [  15    0  404    4  364  663  288]
 [   7  416    0   31  579  201  126]
 [ 786    4  294    0   30  994  105]
 [   6  384  340    0    0   76   34]
 [  63 1000 1429 2241   99    0 1002]
 [   1  185 1358  156   50 2680    0]]

means
[ 0.91815287  0.95254777  0.93821656  0.92841163  0.93566879  0.94311282
  0.94822627  0.95477707  0.93630573  0.94140127  0.94758709  0.9611465
  0.91719745  0.9410828   0.93949045  0.92738854  0.95764331  0.95318471
  0.95318471  0.94299363  0.94458599  0.95732484  0.94235669  0.93512304
  0.96433121  0.94044586  0.94012739  0.94904459  0.94171975  0.94215404
  0.94808917  0.95        0.93535032  0.93704059  0.93821656  0.96305732
  0.93280255  0.94649682  0.95191083  0.94713376  0.9433121   0.95095541
  0.9472675   0.93064877  0.94407159  0.94490446  0.94649682  0.94426752
  0.95987261  0.95127389  0.92993631  0.95350318  0.94968153  0.94936306
  0.94904459  0.93280255  0.95955414  0.93480345  0.92961783  0.94299363
  0.94140127  0.94968153  0.93248408  0.94745223  0.93630573  0.9455414
  0.93256632  0.94617834  0.93726115  0.94854586  0.94585987  0.95828025
  0.94745223  0.95127389  0.93821656  0.95796178  0.96464968  0.9402365
  0.92452229  0.95159236  0.93598726  0.94598913  0.95254777  0.93853503
  0.93121019  0.93064877  0.96305732  0.9388535   0.95717482  0.95063694
  0.93949045  0.96528662  0.9455414   0.9455414   0.95318471  0.94183445
  0.93128795  0.94044586  0.93343949  0.95238095]

average
0.9442993956271004

std
0.009964031963295612