EXTRACTED INFO

confusion_matrix
[[42611    36   237   296    39   338   122]
 [   27 44450   499    51   409   434   306]
 [   10   442 45240     2   440   237   138]
 [  653    37   318 44447    23   860   185]
 [    0   396   164    26 43477    93    42]
 [   47   770  1072  2091    87 39284   817]
 [    3   276  1081   150    72  2301 38688]]

score means
[ 0.95318471  0.94808917  0.95732484  0.95382166  0.93949045  0.95063694
  0.95382166  0.95270054  0.94522293  0.95589645  0.95318471  0.94503036
  0.95063694  0.95254777  0.94649682  0.95046341  0.95509554  0.95095541
  0.95318471  0.95350318  0.95350318  0.95254777  0.94203822  0.94808917
  0.94522293  0.95636943  0.94439118  0.96019108  0.94745223  0.95095541
  0.95700637  0.95095541  0.94662832  0.9366242   0.95414013  0.95191083
  0.95127389  0.94904459  0.95732484  0.9544586   0.94649682  0.94694791
  0.95254777  0.95063694  0.94267516  0.95095541  0.96069032  0.94458599
  0.94936306  0.94617834  0.9455414   0.95477707  0.94394904  0.95573248
  0.94950463  0.94617834  0.95286624  0.95        0.95477707  0.95031847
  0.95110259  0.95127389  0.95493768  0.94534995  0.95382166  0.94394904
  0.95365932  0.95350318  0.9589172   0.94713376  0.94171975  0.94745223
  0.94872611  0.94363057  0.94840764  0.95414013  0.95477707  0.94267516
  0.94183445  0.95350318  0.94968153  0.94840764  0.94585987  0.95541401
  0.94936306  0.95063694  0.94950463  0.95382166  0.95        0.95031847
  0.94649682  0.94522293  0.94458599  0.94904459  0.95828025  0.94904459
  0.94982422  0.95350318  0.95859873  0.94617834]
average score
0.9502044048585961
score std
0.004697765689703416

execution times
[ 3.94469309  4.27375078  4.93022203  5.06987095  3.54589272  4.55649948
  4.18653798  3.9111414   4.62672353  5.19936609  4.38606095  4.24148726
  4.20087671  3.36168027  4.23558307  4.94092917  4.09176803  4.79616666
  4.78762341  6.06241655  6.02615786  4.96490216  4.79984045  5.49780703
  4.17810273  4.98637652  4.65526342  5.17975807  3.68293118  4.45642066
  5.32885265  5.11688137  3.54919243  4.1241765   5.36601758  4.89690876
  3.15003586  4.47867537  5.07480145  5.98435712  4.70407987  5.13123226
  4.41438913  4.92131472  4.20151591  4.24327779  5.76603293  3.18979764
  5.60803652  4.98917747  4.78728509  6.47820234  4.1748848   5.79472041
  4.1943202   4.56055808  5.84805775  4.17345881  5.02723217  4.52689672
  3.90460777  3.87664032  5.03115439  3.93639874  5.13489461  4.51510143
  4.16152072  4.24728394  5.34586835  4.97604942  4.44861555  4.40837479
  4.86928272  4.30659413  4.25668192  7.82129264  5.53676915  3.87843251
  4.018507    4.785254    4.35332084  4.03126049  4.4417665   4.0954659
  6.38320804  5.10397339  4.62598228  4.60701871  4.35900569  4.11563897
  3.65622973  4.46412158  4.89918756  3.65478039  6.04908299  5.47449756
  4.44679642  5.88036561  5.15357184  3.75327969]
average time
4.685890982151031
time std
0.7628408373224984

                      precision    recall  f1-score   support

       AddToPlaylist       0.98      0.98      0.98     43679
      BookRestaurant       0.96      0.96      0.96     46176
          GetWeather       0.93      0.97      0.95     46509
           PlayMusic       0.94      0.96      0.95     46523
            RateBook       0.98      0.98      0.98     44198
  SearchCreativeWork       0.90      0.89      0.90     44168
SearchScreeningEvent       0.96      0.91      0.93     42571

         avg / total       0.95      0.95      0.95    313824
