EXTRACTED INFO

confusion_matrix
[[   0    0  204  332   36  326   55]
 [   3    0  330    0  353  754  232]
 [  18  342    0   13  518  327  154]
 [ 855   11  305    0   33 1066   97]
 [   0  386  350    0    0   60    4]
 [ 165 1198 1309 2087   99    0 1340]
 [   5  196 1145  141   19 3011    0]]

means
[ 0.95095541  0.94904459  0.9066879   0.94183445  0.91878981  0.94087568
  0.9433121   0.950783    0.93917197  0.93821656  0.92713327  0.94598913
  0.95636943  0.95031847  0.943752    0.9566879   0.94617834  0.91624204
  0.95509554  0.95732484  0.95159236  0.9455414   0.93726115  0.94076433
  0.93280255  0.94087568  0.9522293   0.94203822  0.94968153  0.94936306
  0.9477707   0.94681529  0.9388535   0.93598726  0.94299363  0.9366242
  0.90796178  0.93471338  0.93927772  0.94681529  0.94713376  0.95063694
  0.94012739  0.94203822  0.95159236  0.95127389  0.93343949  0.92356688
  0.94649682  0.96719745  0.92777245  0.94044586  0.93503185  0.9388535
  0.94808917  0.94585987  0.95987261  0.92675159  0.95        0.94407159
  0.96751592  0.95031847  0.94936306  0.9544586   0.95509554  0.95159236
  0.93726115  0.92515924  0.93980892  0.94458599  0.92905081  0.96019108
  0.92547771  0.95318471  0.96369427  0.9477707   0.93831895  0.94363057
  0.94872611  0.9566879   0.94694791  0.94203822  0.94840764  0.95636943
  0.95095541  0.93416427  0.94140127  0.92261146  0.94394904  0.94267516
  0.93608182  0.9433121   0.93853503  0.9542985   0.93057325  0.92745286
  0.95110259  0.93503185  0.95014382  0.93895813]

average
0.943018782582

std
0.0112062013639
