EXTRACTED INFO

confusion_matrix
[[   0    0  147  743   30  267   36]
 [   0    0  302   26  233  818  184]
 [  13  344    0    3  585  483  189]
 [1358   24  281    0   34 1054   83]
 [   4  310  458    0    0   61    1]
 [ 246 1131 2117 2574   95    0 1709]
 [  14  149 1187   97   28 3043    0]]

means
[ 0.95732484  0.93224672  0.92388535  0.93608182  0.93216561  0.93821656
  0.93821656  0.93566879  0.93280255  0.92452229  0.92515924  0.93248408
  0.9589172   0.93280255  0.93535032  0.92611465  0.93694268  0.94522293
  0.93831895  0.95063694  0.93726115  0.93694268  0.92420382  0.9388535
  0.93630573  0.92484076  0.94982422  0.94458599  0.94012739  0.92611465
  0.92802548  0.93598726  0.93280255  0.92006369  0.95095541  0.93694268
  0.94140127  0.93025478  0.94012739  0.91369427  0.93407643  0.94439118
  0.93544263  0.9343949   0.9402365   0.93821656  0.92324841  0.93535032
  0.93566879  0.92515924  0.9343949   0.94426752  0.94522293  0.94394904
  0.94968153  0.9433121   0.94171975  0.9388535   0.92229299  0.95414013
  0.95142218  0.91751592  0.92643312  0.9522293   0.9089172   0.93312102
  0.93566879  0.92738854  0.94343241  0.9402365   0.94617834  0.92292994
  0.91626718  0.96783439  0.92070064  0.95159236  0.9522293   0.922659
  0.92745286  0.93312102  0.93312102  0.91687898  0.91658677  0.92070064
  0.9366242   0.9343949   0.94681529  0.94713376  0.92809204  0.91339086
  0.94076433  0.92515924  0.92898089  0.93407643  0.92898089  0.95859873
  0.92388535  0.88974113  0.94681529  0.92515924]

average
0.9347964460267927

std
0.012027108621011957