EXTRACTED INFO

confusion_matrix
[[   0    1  169  943   14  691   53]
 [   1    0  722    9  616 1912  258]
 [   2  841    0   26 1172 1554  536]
 [1666   20  273    0  109 2640  148]
 [  59 1031  777    1    0   93   23]
 [ 239 1968 3746 4562  209    0 3279]
 [  27  268 2329  173  130 6256    0]]

means
[ 0.92452229  0.94171975  0.95509554  0.95636943  0.91847134  0.91210191
  0.93152866  0.95        0.93224672  0.94203822  0.92611465  0.94649682
  0.93121019  0.95        0.94490446  0.91210191  0.89522293  0.94055609
  0.92101911  0.92585491  0.95142218  0.93089172  0.93949045  0.9388535
  0.92770701  0.95191083  0.92929936  0.91687898  0.95191083  0.94649682
  0.92070064  0.95796178  0.92261146  0.93375796  0.92929936  0.94936306
  0.91371045  0.922659    0.92170022  0.94087568  0.92457654  0.92070064
  0.95254777  0.92515924  0.9477707   0.94140127  0.94872611  0.95382166
  0.92452229  0.94439118  0.91656051  0.94044586  0.92681368  0.93608182
  0.92038217  0.9477707   0.95206136  0.93980892  0.93384468  0.95509554
  0.92802548  0.93608182  0.95254777  0.9455414   0.93598726  0.93757962
  0.93598726  0.92324841  0.92197452  0.92707006  0.94247363  0.94119527
  0.92738854  0.943752    0.93160754  0.92961783  0.936721    0.93128795
  0.93312102  0.92611465  0.94012739  0.94407159  0.94183445  0.91656051
  0.9366242   0.94012739  0.9566879   0.93630573  0.94426752  0.93312102
  0.93630573  0.94247363  0.9433121   0.93192713  0.93121019  0.93789809
  0.94840764  0.92006369  0.92070064  0.93032918  0.94936306  0.92611465
  0.94183445  0.93980892  0.91847134  0.92937041  0.93192713  0.93576222
  0.94822627  0.94076433  0.93566879  0.95414013  0.95828025  0.94522293
  0.94840764  0.94585987  0.93980892  0.92292994  0.92356688  0.94522293
  0.94840764  0.92713327  0.95941195  0.96146497  0.93248408  0.95955414
  0.94235669  0.93025478  0.94140127  0.91974522  0.91815287  0.92388535
  0.95095541  0.94936306  0.9082774   0.94872611  0.93407643  0.92866242
  0.94311282  0.92324841  0.94363057  0.89681529  0.94713376  0.93949045
  0.93853503  0.9366242   0.96624204  0.91466922  0.93184713  0.9388535
  0.9433121   0.9366242   0.93757962  0.94534995  0.93694268  0.91882391
  0.95031847  0.95700637  0.94151486  0.9410828   0.92420382  0.94872611
  0.91751592  0.93853503  0.95095541  0.9455414   0.95014382  0.93280255
  0.94745223  0.9522293   0.92201981  0.94426752  0.95046341  0.92070064
  0.94790668  0.92292994  0.94790668  0.91783439  0.94840764  0.94968153
  0.93694268  0.94522293  0.92866242  0.95159236  0.94790668  0.93512304
  0.93949045  0.95095541  0.94394904  0.94394904  0.92165605  0.95254777
  0.94458599  0.91847134  0.93853503  0.93821656  0.92961783  0.9455414
  0.93821656  0.94299363]

average
0.9369772958129517

std
0.012469886347950144