EXTRACTED INFO

confusion_matrix
[[   0    5  119 1148   21  249   45]
 [   0    0  447   30  417  736  232]
 [   0  368    0   14  502  348  135]
 [1066   25  157    0   20 1050  105]
 [   8  481  194    4    0   49   24]
 [ 193 1287 2112 2495   97    0 1690]
 [   0  116  998  104   34 3016    0]]

means
[ 0.92229299  0.92261146  0.93128795  0.92649409  0.91847134  0.90191083
  0.91019108  0.93917197  0.9656051   0.92745286  0.93288591  0.95206136
  0.93821656  0.95127389  0.92834395  0.93535032  0.93512304  0.94808917
  0.93980892  0.9402365   0.96210191  0.93121019  0.93895813  0.93694268
  0.92579618  0.94982422  0.92261146  0.94936306  0.94012739  0.93216561
  0.91050955  0.95350318  0.94012739  0.94936306  0.94363057  0.94745223
  0.94311282  0.91305732  0.95987261  0.92006369  0.94140127  0.93121019
  0.95541401  0.94119527  0.91019108  0.9410828   0.92515924  0.91210191
  0.93057325  0.94490446  0.94585987  0.94299363  0.94872611  0.93980892
  0.94044586  0.95159236  0.91656051  0.93535032  0.93863854  0.93980892
  0.94745223  0.9433121   0.95493768  0.93025478  0.93535032  0.92101911
  0.95318471  0.91656051  0.95700637  0.91815287  0.95700637  0.93375796
  0.92484076  0.94171975  0.93512304  0.93598726  0.92356688  0.92292994
  0.94426752  0.94968153  0.94840764  0.93608182  0.92489613  0.91783439
  0.94904459  0.94745223  0.91434963  0.908597    0.94936306  0.93576222
  0.93598726  0.94076433  0.93280255  0.94087568  0.94267516  0.95318471
  0.91783439  0.92707006  0.93704059  0.90509554]

average
0.93580921745

std
0.0137387135469
