EXTRACTED INFO

confusion_matrix
[[   0    1  127  949    5  252   23]
 [   0    0  310    0  504 1029  144]
 [   0  406    0    1  876  706  309]
 [1380   24  279    0   27 1408   11]
 [  47  405  724    0    0   26    6]
 [  84 1033 1852 2549   68    0 2203]
 [  18  104 1036   78   33 3198    0]]

means
[ 0.91464968  0.93312102  0.92969     0.93630573  0.93535032  0.92515924
  0.91496815  0.93384468  0.93598726  0.94171975  0.93343949  0.94267516
  0.92388535  0.92038217  0.92738854  0.92515924  0.91210191  0.92521572
  0.93598726  0.90923567  0.94840764  0.91815287  0.93598726  0.93152866
  0.9388535   0.91783439  0.90923567  0.92515924  0.9343949   0.92197452
  0.92165605  0.92070064  0.94458599  0.94490446  0.91401274  0.94585987
  0.92101911  0.91847134  0.92937041  0.94299363  0.94012739  0.93980892
  0.95191083  0.92707006  0.93216561  0.92038217  0.92770701  0.92834395
  0.91624204  0.93312102  0.94426752  0.93598726  0.92452229  0.92452229
  0.8980505   0.9433121   0.93032918  0.91624204  0.92675159  0.94055609
  0.93503185  0.93503185  0.92937041  0.92038217  0.94183445  0.94299363
  0.94343241  0.9433121   0.9343949   0.93598726  0.91783439  0.9133758
  0.93184713  0.91401274  0.93184713  0.93248408  0.93407643  0.93064877
  0.93280255  0.94203822  0.93064877  0.92484076  0.93248408  0.92038217
  0.91974522  0.91942675  0.91910828  0.92356688  0.86146497  0.92681368
  0.94044586  0.9343949   0.9332055   0.9366242   0.93980892  0.93025478
  0.92777245  0.92745286  0.94394904  0.93694268]

average
0.929148600619

std
0.0121885271679
