EXTRACTED INFO

confusion_matrix
[[   0    1   88  548    4  350   25]
 [   0    0  357    0  597  932  139]
 [   0  365    0    0  687  862  117]
 [ 690   11  220    0   46 1284   90]
 [   8  742  520    0    0   41   17]
 [  59  979 2293 2360  105    0 1434]
 [   4  166  796  126   60 2767    0]]

means
[ 0.91305732  0.94872611  0.92261146  0.94617834  0.94790668  0.93312102
  0.91719745  0.93917197  0.92038217  0.95636943  0.93630573  0.89713376
  0.95382166  0.92356688  0.93726115  0.936721    0.93704059  0.94490446
  0.94299363  0.93216561  0.94426752  0.90764331  0.93598726  0.9455414
  0.9455414   0.94215404  0.92201981  0.94872611  0.92649409  0.9343949
  0.93535032  0.94713376  0.9261745   0.94713376  0.94267516  0.93089172
  0.88821656  0.95095541  0.94840764  0.94267516  0.91624204  0.94458599
  0.94140127  0.92292994  0.91751592  0.94840764  0.93471338  0.915628
  0.93980892  0.95        0.91210191  0.94235669  0.93726115  0.93566879
  0.95142218  0.95        0.92388535  0.95859873  0.93566879  0.93598726
  0.92961783  0.94235669  0.95159236  0.93821656  0.94904459  0.93312102
  0.92834395  0.92133758  0.90828025  0.93121019  0.9611465   0.93343949
  0.93152866  0.94076433  0.9433121   0.93789809  0.94808917  0.9410828
  0.94087568  0.94203822  0.93949045  0.92553531  0.95095541  0.92898089
  0.95014382  0.93535032  0.94840764  0.9388535   0.93598726  0.9261745
  0.93535032  0.93694268  0.95382166  0.92929936  0.95509554  0.93216561
  0.9410828   0.95541401  0.95254777  0.92452229]

average
0.936626213987

std
0.0131671103836
