EXTRACTED INFO

confusion_matrix
[[   0    1  195  326   18  218   31]
 [   5    0  410    0  313  610  227]
 [  29  400    0    2  501  259  114]
 [ 705    2  128    0   41 1065  111]
 [  22  384  271    0    0   57   16]
 [ 156  888 1324 2360  134    0 1571]
 [   6  205  834  140   67 3110    0]]

means
[ 0.92324841  0.95063694  0.92929936  0.9544586   0.94012739  0.9544586
  0.9566879   0.94311282  0.9410828   0.94840764  0.95573248  0.94694791
  0.94854586  0.92961783  0.90414013  0.95014382  0.94267516  0.95749441
  0.94713376  0.91942675  0.94151486  0.93407643  0.94662832  0.94681529
  0.95365932  0.95509554  0.95461809  0.95987261  0.95493768  0.95318471
  0.95955414  0.95909236  0.93630573  0.92484076  0.94471077  0.9388535
  0.94872611  0.93831895  0.95318471  0.94076433  0.94904459  0.94840764
  0.94950463  0.93216561  0.9455414   0.93598726  0.92484076  0.95509554
  0.94407159  0.94055609  0.96242038  0.94203822  0.96050955  0.95286624
  0.95764331  0.95541401  0.95828025  0.95        0.94171975  0.94904459
  0.95318471  0.92961783  0.95191083  0.95653563  0.94872611  0.95286624
  0.94950463  0.93216561  0.943752    0.93544263  0.94662832  0.93128795
  0.94012739  0.94267516  0.95859873  0.90955414  0.9522293   0.9455414
  0.95382166  0.94968153  0.94598913  0.94235669  0.93767977  0.89936306
  0.95046341  0.92070064  0.95046341  0.94363057  0.95636943  0.94394904
  0.95573248  0.95110259  0.95031847  0.95014382  0.92579618  0.94968153
  0.9611465   0.94585987  0.94617834  0.94522293]

average
0.9449928387205777

std
0.011935993412423945