EXTRACTED INFO

confusion_matrix
[[  0   0   0   0   0 497   0 104   0   0   0   0]
 [  0   0   0   0   0  93   0  18   0   0   0   0]
 [  0   0   0   0   0  86   0   7   0   0   0   0]
 [  0   0   0   0   0 147   0  15   0   0   0   0]
 [  0   0   0   0   0 141   0   6   0   0   0   0]
 [  0   0   0   0   0   0   0 130   0   0   0   0]
 [  0   0   0   0   0  78   0  12   0   0   0   0]
 [  2   0   0   0   0 637   0   0   0   0   0   0]
 [  0   0   0   0   0  70   0  11   0   0   0   0]
 [  0   0   0   0   0  37   0  15   0   0   0   0]
 [  0   0   0   0   0  71   0  17   0   0   0   0]
 [  0   0   0   0   0  56   0  12   0   0   0   0]]

means
[ 0.26666667  0.1         0.06666667  0.2         0.16666667  0.26666667
  0.13333333  0.4         0.23333333  0.23333333  0.26666667  0.3         0.3
  0.26666667  0.2         0.16666667  0.23333333  0.16666667  0.26666667
  0.13333333  0.3         0.4         0.26666667  0.16666667  0.3         0.
  0.23333333  0.1         0.13333333  0.23333333  0.23333333  0.23333333
  0.1         0.3         0.23333333  0.23333333  0.13333333  0.2
  0.36666667  0.26666667  0.16666667  0.23333333  0.2         0.2         0.1
  0.23333333  0.23333333  0.03333333  0.1         0.2         0.5         0.1
  0.36666667  0.2         0.16666667  0.13333333  0.33333333  0.3
  0.26666667  0.26666667  0.13333333  0.3         0.26666667  0.26666667
  0.36666667  0.26666667  0.23333333  0.16666667  0.33333333  0.43333333
  0.3         0.4         0.33333333  0.23333333  0.36666667  0.16666667
  0.36666667  0.13333333  0.33333333  0.33333333  0.3         0.06666667
  0.43333333  0.23333333  0.26666667  0.3         0.33333333  0.3
  0.26666667  0.23333333  0.33333333  0.13333333  0.3         0.4         0.3
  0.13333333  0.26666667  0.3         0.4         0.43333333]

average
0.24599999999999997

std
0.09704294581953565