EXTRACTED INFO

confusion_matrix
[[  0   0   0   0   0 415   0 161   0   0   0   0]
 [  2   0   0   0   0  61   0  41   0   0   0   0]
 [  2   0   0   0   0  67   0  35   0   0   0   0]
 [  1   0   0   0   0 127   0  45   0   0   0   0]
 [  0   0   0   0   0 116   0  12   0   0   0   0]
 [  9   0   0   0   0   0   0 202   0   0   0   0]
 [  0   0   0   0   0  84   0  18   0   0   0   0]
 [  6   0   0   0   0 563   0   0   0   0   0   0]
 [  1   0   0   0   0  50   0  20   0   0   0   0]
 [  0   0   0   0   0  42   0  15   0   0   0   0]
 [  0   0   0   0   0  82   0   6   0   0   0   0]
 [  0   0   0   0   0  53   0   8   0   0   0   0]]

means
[ 0.36666667  0.23333333  0.33333333  0.03333333  0.33333333  0.36666667
  0.2         0.16666667  0.26666667  0.26666667  0.26666667  0.33333333
  0.43333333  0.16666667  0.23333333  0.13333333  0.23333333  0.43333333
  0.2         0.13333333  0.4         0.3         0.4         0.36666667
  0.43333333  0.16666667  0.26666667  0.13333333  0.23333333  0.33333333
  0.16666667  0.3         0.3         0.23333333  0.16666667  0.2
  0.33333333  0.33333333  0.23333333  0.16666667  0.26666667  0.2         0.2
  0.33333333  0.3         0.23333333  0.2         0.2         0.3
  0.33333333  0.16666667  0.33333333  0.13333333  0.2         0.26666667
  0.16666667  0.16666667  0.16666667  0.2         0.43333333  0.13333333
  0.06666667  0.23333333  0.13333333  0.33333333  0.3         0.23333333
  0.2         0.23333333  0.26666667  0.23333333  0.2         0.36666667
  0.3         0.16666667  0.33333333  0.2         0.2         0.23333333
  0.13333333  0.3         0.26666667  0.13333333  0.26666667  0.26666667
  0.16666667  0.33333333  0.3         0.1         0.2         0.4         0.3
  0.16666667  0.26666667  0.26666667  0.46666667  0.3         0.23333333
  0.33333333  0.23333333]

average
0.252

std
0.08747317048990254