EXTRACTED INFO

confusion_matrix
[[  0   0   0   0   0 482   0  93   0   0   0   0]
 [  0   0   0   0   0  60   0  44   0   0   0   0]
 [  0   0   0   0   0  73   0  22   0   0   0   0]
 [  1   0   0   0   0 128   0  36   0   0   0   0]
 [  0   0   0   0   0 117   0  12   0   0   0   0]
 [  5   0   0   0   0   0   0 163   0   0   0   0]
 [  0   0   0   0   0  89   0  23   0   0   0   0]
 [  9   0   0   0   0 553   0   0   0   0   0   0]
 [  0   0   0   0   0  66   0  24   0   0   0   0]
 [  0   0   0   0   0  50   0  14   0   0   0   0]
 [  1   0   0   0   0  64   0  19   0   0   0   0]
 [  0   0   0   0   0  47   0  17   0   0   0   0]]

means
[ 0.16666667  0.4         0.23333333  0.4         0.2         0.2
  0.13333333  0.23333333  0.23333333  0.2         0.33333333  0.36666667
  0.2         0.3         0.2         0.16666667  0.4         0.1         0.4
  0.33333333  0.13333333  0.3         0.26666667  0.13333333  0.26666667
  0.5         0.26666667  0.3         0.1         0.33333333  0.33333333
  0.23333333  0.2         0.33333333  0.16666667  0.43333333  0.23333333
  0.1         0.2         0.16666667  0.23333333  0.1         0.4
  0.16666667  0.16666667  0.13333333  0.2         0.26666667  0.33333333
  0.23333333  0.23333333  0.36666667  0.4         0.3         0.23333333
  0.43333333  0.2         0.3         0.2         0.26666667  0.2
  0.33333333  0.1         0.3         0.3         0.3         0.3
  0.33333333  0.3         0.3         0.13333333  0.46666667  0.1
  0.33333333  0.1         0.3         0.26666667  0.36666667  0.46666667
  0.43333333  0.13333333  0.36666667  0.23333333  0.13333333  0.26666667
  0.26666667  0.16666667  0.26666667  0.13333333  0.4         0.46666667
  0.06666667  0.2         0.33333333  0.33333333  0.26666667  0.26666667
  0.36666667  0.36666667  0.13333333]

average
0.262666666667

std
0.101574274958
