EXTRACTED INFO

confusion_matrix
[[  0   0   0   0   0 381   0 122   0   0   0   0]
 [  0   0   0   0   0  92   0  25   0   0   0   0]
 [  3   0   0   0   0  84   0  18   0   0   0   0]
 [  0   0   0   0   0 126   0  31   0   0   0   0]
 [  0   0   0   0   0 118   0  32   0   0   0   0]
 [  7   0   0   0   0   0   0 176   0   0   0   0]
 [  0   0   0   0   0  61   0  24   0   0   0   0]
 [ 12   0   0   0   0 590   0   0   0   0   0   0]
 [  0   0   0   0   0  60   0  18   0   0   0   0]
 [  0   0   0   0   0  29   0  19   0   0   0   0]
 [  0   0   0   0   0  65   0  24   0   0   0   0]
 [  0   0   0   0   0  44   0  18   0   0   0   0]]

means
[ 0.26666667  0.2         0.3         0.33333333  0.2         0.3
  0.26666667  0.2         0.2         0.36666667  0.16666667  0.43333333
  0.46666667  0.36666667  0.4         0.43333333  0.3         0.23333333
  0.33333333  0.3         0.36666667  0.33333333  0.16666667  0.36666667
  0.2         0.3         0.26666667  0.4         0.16666667  0.13333333
  0.06666667  0.5         0.2         0.36666667  0.26666667  0.1
  0.26666667  0.13333333  0.06666667  0.36666667  0.46666667  0.2
  0.26666667  0.03333333  0.1         0.4         0.43333333  0.26666667
  0.23333333  0.16666667  0.26666667  0.26666667  0.4         0.1
  0.43333333  0.56666667  0.2         0.43333333  0.33333333  0.2
  0.26666667  0.23333333  0.43333333  0.1         0.23333333  0.4
  0.26666667  0.1         0.3         0.13333333  0.26666667  0.3
  0.16666667  0.03333333  0.23333333  0.13333333  0.36666667  0.36666667
  0.4         0.26666667  0.23333333  0.16666667  0.36666667  0.26666667
  0.16666667  0.16666667  0.33333333  0.2         0.4         0.23333333
  0.36666667  0.26666667  0.3         0.46666667  0.3         0.13333333
  0.26666667  0.13333333  0.46666667  0.26666667]

average
0.2736666666666666

std
0.11355811043005445