EXTRACTED INFO

confusion_matrix
[[  0   0   0   0   0 449   0 109   0   0   0   0]
 [  2   0   0   0   0  70   0  36   0   0   0   0]
 [  0   0   0   0   0  93   0  10   0   0   0   0]
 [  0   0   0   0   0 132   0  20   0   0   0   0]
 [  2   0   0   0   0 129   0  18   0   0   0   0]
 [  5   0   0   0   0   0   0  81   0   0   0   0]
 [  0   0   0   0   0 101   0   2   0   0   0   0]
 [ 13   0   0   0   0 598   0   0   0   0   0   0]
 [  0   0   0   0   0  74   0  13   0   0   0   0]
 [  0   0   0   0   0  48   0  16   0   0   0   0]
 [  0   0   0   0   0  65   0  17   0   0   0   0]
 [  0   0   0   0   0  56   0  13   0   0   0   0]]

means
[ 0.13333333  0.43333333  0.33333333  0.3         0.5         0.2
  0.23333333  0.26666667  0.2         0.33333333  0.36666667  0.36666667
  0.3         0.43333333  0.23333333  0.26666667  0.3         0.23333333
  0.13333333  0.2         0.16666667  0.16666667  0.33333333  0.5         0.3
  0.23333333  0.36666667  0.26666667  0.1         0.26666667  0.4
  0.16666667  0.26666667  0.23333333  0.36666667  0.26666667  0.16666667
  0.23333333  0.46666667  0.46666667  0.43333333  0.3         0.43333333
  0.16666667  0.36666667  0.13333333  0.23333333  0.5         0.13333333
  0.13333333  0.33333333  0.23333333  0.43333333  0.33333333  0.13333333
  0.23333333  0.26666667  0.26666667  0.2         0.33333333  0.4         0.2
  0.23333333  0.16666667  0.36666667  0.03333333  0.1         0.36666667
  0.33333333  0.4         0.3         0.4         0.26666667  0.
  0.46666667  0.23333333  0.1         0.3         0.3         0.13333333
  0.23333333  0.16666667  0.36666667  0.26666667  0.2         0.3         0.2
  0.3         0.3         0.3         0.1         0.16666667  0.4         0.3
  0.26666667  0.3         0.2         0.36666667  0.33333333  0.33333333]

average
0.27599999999999997

std
0.10667499967450458