EXTRACTED INFO

confusion_matrix
[[ 10   0   0   0   0 449   0 120   0   0   0   0]
 [  0   0   0   0   0  81   0  32   0   0   0   0]
 [  0   0   0   0   0  80   0  23   0   0   0   0]
 [  0   0   0   0   0 155   0  22   0   0   0   0]
 [  4   0   0   0   0 138   0  14   0   0   0   0]
 [  6   0   0   0   0 668   0 130   0   0   0   0]
 [  0   0   0   0   0  75   0  11   0   0   0   0]
 [  5   0   0   0   0 560   0 117   0   0   0   0]
 [  0   0   0   0   0  81   0  12   0   0   0   0]
 [  0   0   0   0   0  45   0  10   0   0   0   0]
 [  0   0   0   0   0  69   0  13   0   0   0   0]
 [  0   0   0   0   0  63   0   7   0   0   0   0]]

score means
[ 0.23333333  0.13333333  0.2         0.3         0.16666667  0.3
  0.36666667  0.2         0.46666667  0.33333333  0.36666667  0.3
  0.23333333  0.13333333  0.4         0.26666667  0.16666667  0.4
  0.26666667  0.3         0.23333333  0.16666667  0.36666667  0.46666667
  0.16666667  0.36666667  0.2         0.36666667  0.23333333  0.33333333
  0.2         0.33333333  0.33333333  0.33333333  0.23333333  0.43333333
  0.2         0.46666667  0.16666667  0.26666667  0.13333333  0.13333333
  0.2         0.13333333  0.16666667  0.13333333  0.2         0.23333333
  0.13333333  0.4         0.36666667  0.16666667  0.2         0.36666667
  0.43333333  0.36666667  0.4         0.26666667  0.26666667  0.1
  0.26666667  0.16666667  0.46666667  0.26666667  0.2         0.16666667
  0.26666667  0.26666667  0.33333333  0.13333333  0.2         0.26666667
  0.23333333  0.23333333  0.2         0.33333333  0.2         0.26666667
  0.46666667  0.26666667  0.2         0.06666667  0.26666667  0.33333333
  0.26666667  0.26666667  0.16666667  0.3         0.23333333  0.03333333
  0.23333333  0.26666667  0.23333333  0.43333333  0.23333333  0.4
  0.16666667  0.4         0.33333333  0.26666667]
average score
0.265
score std
0.09802210635021741

execution times
[ 0.28209877  0.29567885  0.27392912  0.27792001  0.27296925  0.28858495
  0.26809692  0.2764349   0.2797482   0.27021289  0.27996707  0.25802588
  0.28209376  0.26761675  0.27015281  0.26417613  0.28205991  0.26272321
  0.26167512  0.26030588  0.27825308  0.27528977  0.25598311  0.27412987
  0.27624106  0.26425219  0.26561618  0.26403475  0.27065492  0.281322
  0.26522183  0.26586795  0.26883006  0.26954985  0.26885295  0.26477742
  0.27127981  0.26078296  0.26234484  0.26720071  0.26483512  0.28224206
  0.25791788  0.27656412  0.2654469   0.28092384  0.26138592  0.27013397
  0.25786614  0.26219201  0.26352406  0.25539303  0.27561593  0.26360416
  0.26327085  0.26418805  0.26856089  0.26701498  0.25003195  0.26170802
  0.26684713  0.25996494  0.25579906  0.2569983   0.26381588  0.2526238
  0.26059008  0.25831103  0.26424909  0.27094984  0.25810719  0.26121593
  0.25688124  0.29001617  0.56921005  0.4236691   0.39800715  2.73369694
  1.22071481  0.62581992  0.65932178  0.45536304  0.33542871  0.27917123
  0.30848098  0.29410911  0.30102611  0.27873993  0.28159308  0.29439306
  0.29704595  0.27220702  0.2737062   0.27647901  0.27927589  0.29304004
  0.28952599  0.27525377  0.2846148   0.44625187]
average time
0.3227989077568054
time std
0.2680437997822799

             precision    recall  f1-score   support

        add       0.40      0.02      0.03       579
        bad       0.00      0.00      0.00       113
        bye       0.00      0.00      0.00       103
     cancel       0.00      0.00      0.00       177
     delete       0.00      0.00      0.00       156
        get       0.27      0.83      0.41       804
   greeting       0.00      0.00      0.00        86
       help       0.23      0.17      0.20       682
         ok       0.00      0.00      0.00        93
  saymyname       0.00      0.00      0.00        55
     thanks       0.00      0.00      0.00        82
    welcome       0.00      0.00      0.00        70

avg / total       0.20      0.27      0.16      3000
