EXTRACTED INFO

confusion_matrix
[[  0   0   0   0   0 332   0 151   0   0   0   0]
 [  0   0   0   0   0  96   0  13   0   0   0   0]
 [  1   0   0   0   0  80   0  21   0   0   0   0]
 [  0   0   0   0   0 153   0  20   0   0   0   0]
 [  0   0   0   0   0 125   0  25   0   0   0   0]
 [ 25   0   0   0   0   0   0 213   0   0   0   0]
 [  0   0   0   0   0  87   0  20   0   0   0   0]
 [ 37   0   0   0   0 523   0   0   0   0   0   0]
 [  0   0   0   0   0  66   0  11   0   0   0   0]
 [  0   0   0   0   0  48   0  27   0   0   0   0]
 [  0   0   0   0   0  67   0  20   0   0   0   0]
 [  0   0   0   0   0  47   0   8   0   0   0   0]]

means
[ 0.2         0.23333333  0.2         0.26666667  0.36666667  0.23333333
  0.43333333  0.16666667  0.2         0.13333333  0.33333333  0.4         0.2
  0.3         0.26666667  0.4         0.26666667  0.36666667  0.16666667
  0.2         0.13333333  0.1         0.23333333  0.1         0.3         0.1
  0.53333333  0.36666667  0.2         0.1         0.43333333  0.33333333
  0.3         0.3         0.03333333  0.4         0.33333333  0.2
  0.26666667  0.46666667  0.23333333  0.33333333  0.4         0.3         0.2
  0.26666667  0.3         0.2         0.06666667  0.13333333  0.23333333
  0.23333333  0.3         0.26666667  0.5         0.2         0.43333333
  0.23333333  0.2         0.33333333  0.2         0.16666667  0.33333333
  0.5         0.23333333  0.36666667  0.3         0.3         0.13333333
  0.3         0.16666667  0.03333333  0.4         0.2         0.06666667
  0.26666667  0.26666667  0.23333333  0.23333333  0.4         0.4         0.3
  0.26666667  0.5         0.26666667  0.03333333  0.16666667  0.23333333
  0.3         0.33333333  0.23333333  0.23333333  0.26666667  0.23333333
  0.36666667  0.33333333  0.26666667  0.          0.3         0.06666667]

average
0.261333333333

std
0.111327345148
