EXTRACTED INFO

confusion_matrix
[[  0   0   0   0   0 423   0 145   0   0   0   0]
 [  0   0   0   0   0  71   0  35   0   0   0   0]
 [  0   0   0   0   0  88   0  26   0   0   0   0]
 [  0   0   0   0   0 113   0  29   0   0   0   0]
 [  0   0   0   0   0 120   0  15   0   0   0   0]
 [ 10   0   0   0   0   0   0 179   0   0   0   0]
 [  0   0   0   0   0  79   0  20   0   0   0   0]
 [  4   0   0   0   0 565   0   0   0   0   0   0]
 [  0   0   0   0   0  67   0  29   0   0   0   0]
 [  0   0   0   0   0  29   0  27   0   0   0   0]
 [  0   0   0   0   0  68   0  16   0   0   0   0]
 [  0   0   0   0   0  68   0  10   0   0   0   0]]

means
[ 0.43333333  0.2         0.1         0.2         0.16666667  0.2         0.2
  0.3         0.23333333  0.23333333  0.03333333  0.06666667  0.16666667
  0.23333333  0.33333333  0.16666667  0.26666667  0.06666667  0.16666667
  0.43333333  0.3         0.36666667  0.13333333  0.4         0.3
  0.23333333  0.26666667  0.36666667  0.23333333  0.23333333  0.16666667
  0.1         0.13333333  0.16666667  0.53333333  0.2         0.53333333
  0.26666667  0.43333333  0.26666667  0.4         0.23333333  0.36666667
  0.26666667  0.2         0.26666667  0.2         0.23333333  0.23333333
  0.23333333  0.2         0.1         0.23333333  0.4         0.06666667
  0.2         0.36666667  0.2         0.36666667  0.1         0.36666667
  0.4         0.23333333  0.2         0.26666667  0.23333333  0.23333333
  0.4         0.43333333  0.4         0.13333333  0.23333333  0.16666667
  0.53333333  0.36666667  0.43333333  0.13333333  0.33333333  0.46666667
  0.03333333  0.33333333  0.33333333  0.3         0.3         0.16666667
  0.3         0.2         0.1         0.16666667  0.26666667  0.4         0.2
  0.16666667  0.2         0.2         0.36666667  0.23333333  0.16666667
  0.1         0.26666667]

average
0.254666666667

std
0.112597611974
