EXTRACTED INFO

confusion_matrix
[[  0   0   0   0   0 437   0 103   0   0   0   0]
 [  0   0   0   0   0  73   0  19   0   0   0   0]
 [  0   0   0   0   0  75   0  15   0   0   0   0]
 [  0   0   0   0   0 136   0  31   0   0   0   0]
 [  0   0   0   0   0 123   0  20   0   0   0   0]
 [  4   0   0   0   0   0   0 149   0   0   0   0]
 [  0   0   0   0   0  88   0  21   0   0   0   0]
 [  4   0   0   0   0 640   0   0   0   0   0   0]
 [  0   0   0   0   0  78   0  12   0   0   0   0]
 [  0   0   0   0   0  54   0  22   0   0   0   0]
 [  0   0   0   0   0  68   0  13   0   0   0   0]
 [  0   0   0   0   0  41   0  12   0   0   0   0]]

means
[ 0.13333333  0.3         0.3         0.36666667  0.43333333  0.23333333
  0.3         0.36666667  0.3         0.13333333  0.4         0.36666667
  0.26666667  0.23333333  0.1         0.1         0.2         0.1
  0.13333333  0.36666667  0.13333333  0.33333333  0.23333333  0.26666667
  0.1         0.26666667  0.26666667  0.16666667  0.4         0.2
  0.16666667  0.13333333  0.16666667  0.26666667  0.23333333  0.2
  0.36666667  0.23333333  0.43333333  0.4         0.36666667  0.2         0.2
  0.2         0.3         0.3         0.33333333  0.13333333  0.03333333
  0.16666667  0.16666667  0.26666667  0.33333333  0.26666667  0.4
  0.33333333  0.26666667  0.06666667  0.26666667  0.2         0.13333333
  0.1         0.2         0.26666667  0.16666667  0.2         0.26666667
  0.2         0.46666667  0.43333333  0.26666667  0.13333333  0.33333333
  0.3         0.2         0.3         0.33333333  0.36666667  0.33333333
  0.1         0.3         0.46666667  0.33333333  0.43333333  0.3         0.3
  0.06666667  0.26666667  0.23333333  0.26666667  0.23333333  0.3
  0.26666667  0.1         0.33333333  0.16666667  0.23333333  0.23333333
  0.23333333  0.33333333]

average
0.254

std
0.0987454640308438