EXTRACTED INFO

confusion_matrix
[[  0   0   0   0   0 413   0 124   0   0   0   0]
 [  1   0   0   0   0  85   0  22   0   0   0   0]
 [  0   0   0   0   0  87   0  11   0   0   0   0]
 [  0   0   0   0   0 153   0  25   0   0   0   0]
 [  0   0   0   0   0 133   0  18   0   0   0   0]
 [  0   0   0   0   0   0   0 183   0   0   0   0]
 [  0   0   0   0   0  98   0  19   0   0   0   0]
 [  7   0   0   0   0 600   0   0   0   0   0   0]
 [  0   0   0   0   0  80   0   9   0   0   0   0]
 [  0   0   0   0   0  61   0   8   0   0   0   0]
 [  0   0   0   0   0  72   0  14   0   0   0   0]
 [  0   0   0   0   0  62   0   6   0   0   0   0]]

means
[ 0.2         0.26666667  0.33333333  0.3         0.33333333  0.43333333
  0.43333333  0.1         0.1         0.1         0.06666667  0.2         0.1
  0.3         0.1         0.43333333  0.2         0.26666667  0.26666667
  0.36666667  0.16666667  0.3         0.03333333  0.23333333  0.23333333
  0.2         0.03333333  0.3         0.33333333  0.2         0.2         0.3
  0.2         0.33333333  0.16666667  0.3         0.26666667  0.3
  0.36666667  0.16666667  0.3         0.33333333  0.13333333  0.3         0.1
  0.3         0.26666667  0.43333333  0.2         0.33333333  0.2
  0.23333333  0.23333333  0.06666667  0.26666667  0.3         0.46666667
  0.23333333  0.2         0.16666667  0.23333333  0.26666667  0.16666667
  0.33333333  0.1         0.23333333  0.16666667  0.3         0.2
  0.23333333  0.26666667  0.3         0.4         0.3         0.06666667
  0.13333333  0.23333333  0.3         0.2         0.1         0.23333333
  0.26666667  0.26666667  0.26666667  0.13333333  0.13333333  0.16666667
  0.26666667  0.2         0.13333333  0.3         0.26666667  0.36666667
  0.3         0.2         0.23333333  0.2         0.16666667  0.26666667
  0.13333333]

average
0.236333333333

std
0.0934635995693
