EXTRACTED INFO

confusion_matrix
[[  0   0   0   0   0 406   0 159   0   0   0   0]
 [  0   0   0   0   0  92   0  25   0   0   0   0]
 [  0   0   0   0   0  91   0  28   0   0   0   0]
 [  1   0   0   0   0 165   0  28   0   0   0   0]
 [  0   0   0   0   0 110   0  26   0   0   0   0]
 [ 11   0   0   0   0   0   0 215   0   0   0   0]
 [  0   0   0   0   0  76   0  15   0   0   0   0]
 [  2   0   0   0   0 515   0   0   0   0   0   0]
 [  0   0   0   0   0  61   0  13   0   0   0   0]
 [  0   0   0   0   0  31   0  23   0   0   0   0]
 [  0   0   0   0   0  69   0  14   0   0   0   0]
 [  0   0   0   0   0  48   0  10   0   0   0   0]]

means
[ 0.23333333  0.13333333  0.4         0.06666667  0.23333333  0.26666667
  0.13333333  0.2         0.2         0.16666667  0.36666667  0.5
  0.43333333  0.23333333  0.3         0.2         0.16666667  0.36666667
  0.4         0.23333333  0.16666667  0.2         0.4         0.16666667
  0.06666667  0.2         0.33333333  0.03333333  0.36666667  0.1
  0.26666667  0.1         0.23333333  0.2         0.4         0.33333333
  0.26666667  0.16666667  0.46666667  0.06666667  0.2         0.3         0.2
  0.33333333  0.33333333  0.23333333  0.33333333  0.4         0.43333333
  0.43333333  0.46666667  0.16666667  0.36666667  0.2         0.2
  0.26666667  0.13333333  0.4         0.26666667  0.13333333  0.2
  0.16666667  0.2         0.16666667  0.16666667  0.23333333  0.33333333
  0.46666667  0.5         0.06666667  0.23333333  0.2         0.13333333
  0.4         0.16666667  0.33333333  0.2         0.1         0.3         0.2
  0.2         0.46666667  0.3         0.06666667  0.2         0.43333333
  0.3         0.26666667  0.1         0.23333333  0.1         0.1
  0.36666667  0.2         0.36666667  0.46666667  0.2         0.4         0.3
  0.13333333]

average
0.2553333333333333

std
0.11702041607248617