EXTRACTED INFO

confusion_matrix
[[  1   0   0   0   0 494   0  95   0   0   0   0]
 [  0   0   0   0   0  94   0  20   0   0   0   0]
 [  0   0   0   0   0 115   0   9   0   0   0   0]
 [  0   0   0   0   0 163   0   6   0   0   0   0]
 [  0   0   0   0   0 144   0  10   0   0   0   0]
 [  4   0   0   0   0 709   0  44   0   0   0   0]
 [  0   0   0   0   0  86   0   0   0   0   0   0]
 [  3   0   0   0   0 637   0  73   0   0   0   0]
 [  0   0   0   0   0  59   0  18   0   0   0   0]
 [  0   0   0   0   0  70   0   1   0   0   0   0]
 [  0   0   0   0   0  80   0   0   0   0   0   0]
 [  0   0   0   0   0  58   0   7   0   0   0   0]]

score means
[ 0.2         0.23333333  0.26666667  0.26666667  0.26666667  0.23333333
  0.16666667  0.13333333  0.13333333  0.36666667  0.26666667  0.2
  0.33333333  0.43333333  0.2         0.26666667  0.13333333  0.13333333
  0.3         0.33333333  0.4         0.2         0.1         0.2         0.3
  0.3         0.36666667  0.23333333  0.23333333  0.26666667  0.3
  0.36666667  0.26666667  0.26666667  0.16666667  0.1         0.13333333
  0.26666667  0.3         0.4         0.1         0.23333333  0.2
  0.33333333  0.36666667  0.3         0.2         0.36666667  0.26666667
  0.03333333  0.26666667  0.36666667  0.2         0.16666667  0.2         0.3
  0.43333333  0.23333333  0.36666667  0.26666667  0.43333333  0.16666667
  0.2         0.26666667  0.26666667  0.23333333  0.13333333  0.4         0.4
  0.33333333  0.33333333  0.13333333  0.16666667  0.2         0.2
  0.33333333  0.3         0.23333333  0.3         0.36666667  0.26666667
  0.23333333  0.33333333  0.56666667  0.3         0.23333333  0.23333333
  0.3         0.4         0.26666667  0.2         0.23333333  0.16666667
  0.2         0.26666667  0.3         0.23333333  0.13333333  0.3         0.3       ]
average score
0.261
score std
0.08957368165060786

execution times
[ 0.44875383  0.45950794  0.26267314  0.28342199  0.31968117  0.28082395
  0.32270002  0.26903296  0.26882219  0.24015379  0.25137806  0.26576114
  0.2808702   0.25952506  0.26803088  0.28733492  0.25982499  0.25212789
  0.25062895  0.23938799  0.26584077  0.23711514  0.24069929  0.26280308
  0.24348211  0.24266911  0.22852707  0.2375598   0.22105908  0.23519516
  0.22747993  0.23078704  0.21942306  0.23724818  0.23319983  0.22235703
  0.22494078  0.21259809  0.22493196  0.23144817  0.22451305  0.2253418
  0.22780728  0.21654487  0.22945714  0.23025489  0.22861195  0.21225882
  0.22613978  0.22783303  0.22424507  0.23864794  0.2186451   0.21961784
  0.22367716  0.22822499  0.22712493  0.21806598  0.22264791  0.21937203
  0.22845387  0.22304511  0.22358871  0.22499609  0.22400808  0.22346401
  0.22685218  0.24133706  0.2223599   0.21842194  0.22490001  0.24555802
  0.21325326  0.22815013  0.220608    0.21350193  0.21739173  0.22506428
  0.21950889  0.21723986  0.21434617  0.2229991   0.21985793  0.21542883
  0.21757722  0.2267611   0.22107697  0.22117138  0.2211349   0.22785687
  0.23133206  0.22844601  0.21786594  0.21778011  0.22330999  0.22126794
  0.22106791  0.22168422  0.22318912  0.21715879]
average time
0.23851852893829345
time std
0.03741239884795749

             precision    recall  f1-score   support

        add       0.12      0.00      0.00       590
        bad       0.00      0.00      0.00       114
        bye       0.00      0.00      0.00       124
     cancel       0.00      0.00      0.00       169
     delete       0.00      0.00      0.00       154
        get       0.26      0.94      0.41       757
   greeting       0.00      0.00      0.00        86
       help       0.26      0.10      0.15       713
         ok       0.00      0.00      0.00        77
  saymyname       0.00      0.00      0.00        71
     thanks       0.00      0.00      0.00        80
    welcome       0.00      0.00      0.00        65

avg / total       0.15      0.26      0.14      3000
