EXTRACTED INFO

confusion_matrix
[[  0   0   0   0   0 471   0  95   0   0   0   0]
 [  0   0   0   0   0  64   0  39   0   0   0   0]
 [  0   0   0   0   0  58   0  32   0   0   0   0]
 [  0   0   0   0   0  96   0  48   0   0   0   0]
 [  7   0   0   0   0 129   0  17   0   0   0   0]
 [ 11   0   0   0   0   0   0 146   0   0   0   0]
 [  0   0   0   0   0  75   0  21   0   0   0   0]
 [  2   0   0   0   0 586   0   0   0   0   0   0]
 [  0   0   0   0   0  85   0  11   0   0   0   0]
 [  0   0   0   0   0  45   0  10   0   0   0   0]
 [  0   0   0   0   0  86   0  14   0   0   0   0]
 [  0   0   0   0   0  63   0  11   0   0   0   0]]

means
[ 0.26666667  0.16666667  0.3         0.13333333  0.16666667  0.26666667
  0.36666667  0.33333333  0.26666667  0.16666667  0.16666667  0.26666667
  0.33333333  0.26666667  0.26666667  0.3         0.4         0.26666667
  0.23333333  0.3         0.23333333  0.36666667  0.13333333  0.43333333
  0.3         0.23333333  0.16666667  0.2         0.3         0.1
  0.26666667  0.4         0.36666667  0.1         0.13333333  0.13333333
  0.36666667  0.2         0.26666667  0.26666667  0.26666667  0.23333333
  0.26666667  0.26666667  0.33333333  0.36666667  0.16666667  0.23333333
  0.13333333  0.26666667  0.2         0.13333333  0.36666667  0.16666667
  0.4         0.36666667  0.36666667  0.16666667  0.16666667  0.33333333
  0.23333333  0.3         0.36666667  0.          0.26666667  0.23333333
  0.2         0.1         0.23333333  0.2         0.26666667  0.2         0.2
  0.23333333  0.16666667  0.36666667  0.13333333  0.36666667  0.36666667
  0.2         0.16666667  0.3         0.3         0.3         0.26666667
  0.23333333  0.4         0.16666667  0.33333333  0.26666667  0.4         0.3
  0.26666667  0.33333333  0.33333333  0.2         0.33333333  0.46666667
  0.26666667  0.26666667]

average
0.259333333333

std
0.0876330734116
