EXTRACTED INFO

confusion_matrix
[[  0   0   0   0   0 483   0  86   0   0   0   0]
 [  0   0   0   0   0  84   0  22   0   0   0   0]
 [  1   0   0   0   0  83   0   9   0   0   0   0]
 [  0   0   0   0   0 134   0  20   0   0   0   0]
 [  0   0   0   0   0 160   0  10   0   0   0   0]
 [  3   0   0   0   0   0   0 123   0   0   0   0]
 [  0   0   0   0   0 107   0  11   0   0   0   0]
 [ 23   0   0   0   0 653   0   0   0   0   0   0]
 [  1   0   0   0   0  67   0  11   0   0   0   0]
 [  0   0   0   0   0  36   0  11   0   0   0   0]
 [  0   0   0   0   0  54   0  14   0   0   0   0]
 [  2   0   0   0   0  41   0   5   0   0   0   0]]

means
[ 0.43333333  0.4         0.13333333  0.4         0.13333333  0.3         0.3
  0.16666667  0.3         0.1         0.3         0.16666667  0.4
  0.53333333  0.3         0.2         0.2         0.1         0.16666667
  0.1         0.13333333  0.1         0.26666667  0.13333333  0.26666667
  0.2         0.13333333  0.16666667  0.3         0.26666667  0.23333333
  0.26666667  0.2         0.26666667  0.06666667  0.2         0.26666667
  0.4         0.26666667  0.5         0.23333333  0.26666667  0.4
  0.16666667  0.16666667  0.43333333  0.4         0.16666667  0.26666667
  0.2         0.4         0.06666667  0.16666667  0.13333333  0.16666667
  0.2         0.26666667  0.16666667  0.36666667  0.26666667  0.16666667
  0.4         0.3         0.33333333  0.16666667  0.4         0.4         0.1
  0.2         0.1         0.26666667  0.36666667  0.23333333  0.2         0.2
  0.3         0.23333333  0.16666667  0.33333333  0.13333333  0.3
  0.23333333  0.33333333  0.3         0.33333333  0.16666667  0.23333333
  0.4         0.26666667  0.2         0.2         0.36666667  0.26666667
  0.06666667  0.2         0.36666667  0.23333333  0.3         0.2
  0.23333333]

average
0.24866666666666667

std
0.10180809834629509