EXTRACTED INFO

confusion_matrix
[[  3   0   0   0   0 391   0 186   0   0   0   0]
 [  0   0   0   0   0  72   0  50   0   0   0   0]
 [  0   0   0   0   0  76   0  37   0   0   0   0]
 [  0   0   0   0   0 118   0  44   0   0   0   0]
 [  0   0   0   0   0 112   0  17   0   0   0   0]
 [  3   0   0   0   0 615   0 216   0   0   0   0]
 [  0   0   0   0   0  80   0  33   0   0   0   0]
 [  7   0   0   0   0 482   0 151   0   0   0   0]
 [  0   0   0   0   0  67   0  19   0   0   0   0]
 [  0   0   0   0   0  28   0  24   0   0   0   0]
 [  0   0   0   0   0  75   0  16   0   0   0   0]
 [  0   0   0   0   0  66   0  12   0   0   0   0]]

score means
[ 0.13333333  0.1         0.33333333  0.4         0.16666667  0.2
  0.26666667  0.43333333  0.36666667  0.5         0.13333333  0.16666667
  0.23333333  0.4         0.3         0.53333333  0.1         0.23333333
  0.16666667  0.3         0.3         0.2         0.43333333  0.2
  0.26666667  0.13333333  0.2         0.26666667  0.26666667  0.13333333
  0.16666667  0.16666667  0.23333333  0.16666667  0.13333333  0.36666667
  0.26666667  0.36666667  0.4         0.23333333  0.2         0.4
  0.26666667  0.06666667  0.16666667  0.23333333  0.33333333  0.26666667
  0.26666667  0.36666667  0.2         0.3         0.4         0.2
  0.03333333  0.13333333  0.23333333  0.26666667  0.16666667  0.26666667
  0.33333333  0.33333333  0.33333333  0.16666667  0.3         0.13333333
  0.36666667  0.3         0.36666667  0.2         0.36666667  0.26666667
  0.23333333  0.1         0.16666667  0.2         0.16666667  0.16666667
  0.33333333  0.53333333  0.13333333  0.23333333  0.03333333  0.3
  0.36666667  0.3         0.06666667  0.26666667  0.4         0.1         0.3
  0.33333333  0.4         0.13333333  0.2         0.33333333  0.2
  0.26666667  0.33333333  0.43333333]
average score
0.2563333333333333
score std
0.10777497132657678

execution times
[ 0.36996913  0.43761206  0.43735886  0.39043093  0.3904531   0.40295792
  0.40612984  0.3997829   0.39299202  0.37202406  0.40208268  0.41066313
  0.39801693  0.38665199  0.39464283  0.37455797  0.39889097  0.3903439
  0.37882233  0.36685991  0.41490984  0.42023015  0.61045098  0.77604604
  0.6652739   0.45665789  0.62104297  0.59710002  0.481498    0.43855834
  0.38556886  0.39107513  0.40363503  0.3373518   0.46351218  0.38363814
  0.40312696  0.42300797  0.42235637  0.47144771  0.40853977  0.61718082
  0.5297389   0.4459281   0.41274285  0.5934751   0.48204112  0.51125693
  0.59876418  0.47894382  0.49161816  0.43429208  0.46248507  0.47469306
  0.48988008  0.44129395  0.50116992  0.51608896  0.43284178  0.3758831
  0.35612917  0.4312501   0.51242423  0.36298299  0.35242701  0.47356701
  0.37347794  0.67826986  0.497504    0.40373421  0.44217825  0.50076294
  0.49432302  0.42411184  0.44158912  0.45131803  0.44932723  0.44517994
  0.43081188  0.53144884  0.35784674  0.8377521   0.39924192  0.53677511
  0.41246796  0.3161149   0.41831136  0.31536293  0.35138297  0.2882061
  0.29529786  0.32731104  0.27354169  0.3207252   0.34606314  0.30838799
  0.34920597  0.34278393  0.3162241   0.39173031]
average time
0.4372414040565491
time std
0.09628616676953401

             precision    recall  f1-score   support

        add       0.23      0.01      0.01       580
        bad       0.00      0.00      0.00       122
        bye       0.00      0.00      0.00       113
     cancel       0.00      0.00      0.00       162
     delete       0.00      0.00      0.00       129
        get       0.28      0.74      0.41       834
   greeting       0.00      0.00      0.00       113
       help       0.19      0.24      0.21       640
         ok       0.00      0.00      0.00        86
  saymyname       0.00      0.00      0.00        52
     thanks       0.00      0.00      0.00        91
    welcome       0.00      0.00      0.00        78

avg / total       0.16      0.26      0.16      3000
