EXTRACTED INFO

confusion_matrix
[[38680  1108  1938  1950     1   586     1]
 [  263 39113  2491   325   471   715     0]
 [  209  1465 47281   118   383   943    67]
 [ 1241   400  4140 38174     0  1068    47]
 [  178  3453  1168     0 38698    15     0]
 [  432   843  6865  4162    39 28536  2770]
 [  868   451  5574   748    10  6101 29702]]

score means
[ 0.85382166  0.81847236  0.74720358  0.85490572  0.76496815  0.81496815
  0.80127389  0.8566879   0.83025478  0.78343949  0.84522293  0.82961783
  0.85063694  0.83280255  0.81305732  0.75191083  0.85382166  0.84203822
  0.83381272  0.82547771  0.80472995  0.80254777  0.78375796  0.83280255
  0.7888535   0.83924577  0.84235669  0.81433121  0.85700637  0.84044586
  0.83184713  0.78407643  0.8156051   0.83630573  0.84808917  0.82165605
  0.83471338  0.79872611  0.83029722  0.81943113  0.86847134  0.86050955
  0.80185363  0.82837967  0.80063694  0.79522293  0.8111465   0.84522293
  0.85031847  0.83349313  0.80509554  0.83630573  0.81751592  0.82388535
  0.84787472  0.86687898  0.83949045  0.85362736  0.87261146  0.85573248
  0.85414013  0.8066879   0.86433121  0.85350318  0.86033877  0.79140127
  0.82547771  0.82420382  0.83089172  0.85522531  0.82866242  0.82834395
  0.83216561  0.8477707   0.86974522  0.79993608  0.82452229  0.82166826
  0.80318471  0.85700637  0.83312102  0.81878981  0.82993631  0.86974522
  0.85987261  0.80732484  0.8203899   0.85159236  0.8455414   0.88694268
  0.8522293   0.85350318  0.78057325  0.83381272  0.82611465  0.83757962
  0.78949045  0.84171975  0.83566879  0.81751592]
average score
0.8291616295473005
score std
0.026354650780308

execution times
[ 190.06679177  177.4057529   179.87743282  182.21875978  177.67806983
  183.95065236  183.78165507  185.32674193  184.065238    180.40142012
  182.71703696  182.39501691  183.94127107  182.35384226  181.31830978
  178.85930514  183.9636488   187.50817418  181.20575094  182.24100304
  178.87164402  179.14445305  180.08230281  182.26186419  179.06342077
  178.06479001  146.81103492  145.27032328  147.57283497  148.14633107
  146.32108283  143.57865596  144.56811213  149.64371276  144.82132983
  144.27790594  148.59004784  145.44799113  144.10877919  145.83001399
  147.40629196  146.89576006  143.84529305  147.08399415  147.76660299
  144.445261    143.52572203  147.01998806  148.19998479  148.67502594
  146.18453407  148.91055202  145.99070001  143.61900592  149.75078011
  151.17461491  147.37046695  148.61310887  147.25507402  151.42143106
  148.16564703  145.58958292  148.86175513  145.42013288  147.90663004
  146.58734989  146.19883585  146.96294665  144.65563798  146.12434101
  146.81281996  146.20531106  144.91401124  146.92244005  147.6790719
  144.43373895  146.09827995  145.60341311  144.61011505  146.26709032
  145.15734315  148.42323279  146.53000498  147.85175705  149.83520317
  145.67875099  145.93574619  148.09047699  144.3604269   148.18765593
  145.9764123   148.68230987  142.69256878  147.25754809  144.13048601
  148.49504089  144.58594275  149.56412125  147.61163998  145.36989403]
average time
155.7934240937233
time std
15.61688528002235

                      precision    recall  f1-score   support

       AddToPlaylist       0.92      0.87      0.90     44264
      BookRestaurant       0.84      0.90      0.87     43378
          GetWeather       0.68      0.94      0.79     50466
           PlayMusic       0.84      0.85      0.84     45070
            RateBook       0.98      0.89      0.93     43512
  SearchCreativeWork       0.75      0.65      0.70     43647
SearchScreeningEvent       0.91      0.68      0.78     43454

         avg / total       0.84      0.83      0.83    313791
