EXTRACTED INFO

confusion_matrix
[[26888  5793  1712  7502   224  1643   466]
 [ 2436 31483  2936  3795  3437  1603   512]
 [ 2079  5676 21007 10392   415  6662  2006]
 [ 3703  1408  4634 21057     2 13773  1349]
 [ 2544  8620  1270  1388 28624    74    26]
 [ 2213  1040  6577 16955    51  8000  6273]
 [ 3529  1692  5787  5113   153  8222 20970]]

score means
[ 0.32515924  0.39725152  0.4566879   0.41514861  0.56401274  0.46369427
  0.47515924  0.56496815  0.52866242  0.55031847  0.48216561  0.47579618
  0.47770701  0.52006369  0.53980892  0.50942793  0.42070064  0.3888535
  0.4589172   0.51783439  0.49840764  0.52165605  0.57388535  0.54872611
  0.54076433  0.54808917  0.55254777  0.46724193  0.50191083  0.54235669
  0.52006369  0.52547771  0.5001598   0.5589172   0.48566879  0.48216561
  0.53659316  0.53499521  0.51050955  0.54140127  0.4752317   0.42643312
  0.54840764  0.56082803  0.43911793  0.49585987  0.4189837   0.56369427
  0.53978907  0.57070064  0.55800575  0.48248408  0.54522212  0.57261146
  0.40859873  0.49140127  0.54458599  0.53216561  0.54266539  0.5066879
  0.5477707   0.55477707  0.46910828  0.41369427  0.54872611  0.41146497
  0.48737616  0.54585987  0.4506232   0.49824225  0.42122084  0.55321189
  0.4388535   0.50732484  0.47929936  0.53853503  0.51581975  0.46878981
  0.43757962  0.48386066  0.57484076  0.53216561  0.48089172  0.46751592
  0.48705657  0.55286624  0.44745223  0.49185043  0.53726115  0.52380952
  0.39341643  0.56369427  0.57324841  0.54840764  0.55764331  0.54394904
  0.56783439  0.55509554  0.39629275  0.55700637]
average score
0.5037178622827748
score std
0.053455353072569656

execution times
[ 893.80371308  911.86434698  914.31734014  906.80615282  930.18163013
  905.79697299  901.65663505  918.03084803  913.61898184  914.73901391
  903.88788104  909.34254313  903.70155716  904.42664409  924.51576996
  912.0517168   910.59115195  911.72192073  911.71725011  908.51446199
  932.85697007  905.58952594  915.19178581  912.71249413  912.72772884
  909.25539708  913.77304602  905.58846593  912.96384525  923.34282899
  907.60971403  907.63710999  913.52681112  916.58253098  906.96682
  910.33111906  911.7196188   911.56601501  902.45897889  913.58493471
  904.22221303  894.06206393  915.38981891  913.34758806  928.66929483
  906.96586394  903.65121388  909.67976189  904.06265497  917.24075103
  917.61207914  900.75759101  919.40872717  924.04284811  905.82438493
  909.65468812  913.05334401  918.56455088  910.97222018  918.24900293
  915.36504984  914.24555492  908.75327325  902.91827989  913.27650619
  892.68299699  900.462116    920.96835804  906.70932603  892.69682598
  906.65348506  913.69245887  907.68947077  911.30709314  913.60064602
  908.4996419   913.43093801  891.04011226  894.96999192  895.13211608
  935.56105804  902.63948226  911.20465302  921.41382408  924.33094692
  918.81663823  905.4079833   905.58843398  920.00415301  916.83721495
  915.51212907  921.53955317  923.01928091  922.60765123  925.67414403
  907.18509698  918.74231601  913.82010603  899.15626073  914.14056706]
average time
911.3999866771697
time std
8.643058126990347

                      precision    recall  f1-score   support

       AddToPlaylist       0.62      0.61      0.61     44228
      BookRestaurant       0.57      0.68      0.62     46202
          GetWeather       0.48      0.44      0.46     48237
           PlayMusic       0.32      0.46      0.38     45926
            RateBook       0.87      0.67      0.76     42546
  SearchCreativeWork       0.20      0.19      0.20     41109
SearchScreeningEvent       0.66      0.46      0.54     45466

         avg / total       0.53      0.50      0.51    313714
