EXTRACTED INFO

confusion_matrix
[[29921  5357  1517  3590   242   238   138]
 [ 1989 31600  2801  3149  4503   793    97]
 [  809  5194 22039 10862   417  7372   839]
 [ 1972  2017  3732 26033     9 10315   514]
 [ 1885  9892  1635  1496 30888     9     0]
 [  838  1695  5755 19895    92 11253  4762]
 [  933  1172  5775  5641   104  8122 23879]]

score means
[ 0.56050955  0.42420382  0.48757962  0.50254777  0.44394904  0.62356688
  0.59745223  0.54299363  0.6133758   0.49121125  0.4455414   0.59699585
  0.41464968  0.60370725  0.59140127  0.56503675  0.5910828   0.57993631
  0.60573248  0.49140127  0.54490446  0.42388535  0.5866242   0.59490446
  0.60051135  0.56942675  0.49522293  0.63471338  0.60764331  0.62643312
  0.59140127  0.48025478  0.59363057  0.5566879   0.6133758   0.61105785
  0.60987261  0.55732484  0.62961783  0.6366242   0.58821656  0.63757962
  0.5955414   0.46273885  0.49140127  0.47133758  0.56496815  0.56535634
  0.58197507  0.49426752  0.53980892  0.59012739  0.59713376  0.45286624
  0.60286624  0.50286624  0.58535032  0.47866242  0.56433121  0.54936306
  0.62543944  0.48609779  0.60466603  0.54872611  0.57515924  0.59171975
  0.51019108  0.56783439  0.59585987  0.6433121   0.60350318  0.62070064
  0.57142857  0.47491211  0.56815287  0.56242038  0.45445829  0.60636943
  0.59411953  0.61847134  0.62197452  0.53630573  0.5775008   0.57261146
  0.6056248   0.49840764  0.58821656  0.61910828  0.58980892  0.62579618
  0.51134548  0.60318471  0.56592357  0.53471338  0.57707006  0.42993631
  0.5866242   0.58581016  0.47484076  0.58517098]
average score
0.5596726645944148
score std
0.057834211727349705

execution times
[ 776.18744326  768.04095912  770.12855673  772.52021289  763.78215003
  794.78203702  782.99387527  778.85430503  783.02791619  762.62906384
  756.71736431  749.93197799  740.11468172  763.29062724  763.57097507
  752.37320614  755.12465096  753.02300906  755.74705982  741.86263609
  742.1373899   735.76459289  765.47860789  758.99285817  767.22172594
  753.71814609  796.864182    792.55806303  783.38074088  788.73246169
  778.62474895  766.97394013  783.71526694  774.47409797  781.97664094
  789.24463797  784.35502625  777.14625812  785.60968518  793.50806689
  785.3860991   789.81570983  788.64077187  767.76417589  780.95016289
  778.80104589  776.10483003  778.99567604  777.42538309  785.73635721
  786.82912493  779.13441682  780.49343204  774.05918002  780.44431424
  772.65514278  778.98222423  785.69011378  776.41926789  780.87090111
  783.36939096  774.71086907  782.78619003  772.9732151   790.74742985
  788.22399592  820.26248193  785.1016891   828.1210413   797.6186409
  791.97806001  799.04291701  777.52826905  785.2342608   787.65823412
  786.51974225  781.84517884  791.18699503  777.22997594  794.76888609
  785.15610003  789.72169232  782.27083898  782.04904008  790.36300802
  786.62410712  792.80667496  794.68758297  788.80828595  795.37124014
  782.87263203  787.92001581  787.001647    789.56521416  792.52399707
  769.79605818  786.29404616  778.1626482   781.29471731  792.84902287]
average time
779.2342420792579
time std
15.021159505571678

                      precision    recall  f1-score   support

       AddToPlaylist       0.78      0.73      0.75     41003
      BookRestaurant       0.56      0.70      0.62     44932
          GetWeather       0.51      0.46      0.49     47532
           PlayMusic       0.37      0.58      0.45     44592
            RateBook       0.85      0.67      0.75     45805
  SearchCreativeWork       0.30      0.25      0.27     44290
SearchScreeningEvent       0.79      0.52      0.63     45626

         avg / total       0.59      0.56      0.57    313780
