EXTRACTED INFO

confusion_matrix
[[40197   374  1812  1587    57   810     1]
 [    0 38935  3117     0  2168  1934     6]
 [    0  2055 31024     0   366 11069    34]
 [ 1139   240  3968 36199     0  4655    20]
 [   20  5878  1638     0 35539   296     2]
 [  135   991  8278  2183   299 32691  1185]
 [    0   988  5214    14   221  5112 31263]]

score means
[ 0.8066879   0.76910828  0.77101911  0.75063694  0.71464968  0.74617834
  0.79458599  0.79203822  0.80159236  0.82198786  0.78280255  0.76624204
  0.80605096  0.78651326  0.77197452  0.73630573  0.78152866  0.76242038
  0.78471338  0.78427613  0.78980892  0.78299776  0.79681529  0.81082803
  0.79140127  0.81623522  0.78503185  0.81273885  0.77404922  0.75806967
  0.71942675  0.76464968  0.78587408  0.76815287  0.77834395  0.78917197
  0.80031847  0.79066795  0.73152866  0.82006369  0.81016299  0.79482263
  0.81433121  0.75318471  0.78757962  0.77515924  0.80541401  0.78747204
  0.82292994  0.81305732  0.80414013  0.80732484  0.78152866  0.76401274
  0.75391499  0.77356688  0.77341004  0.73789809  0.73314158  0.81623522
  0.80636943  0.79162672  0.80159236  0.80159236  0.76146497  0.74522293
  0.79872611  0.79713376  0.79681529  0.79171975  0.81624204  0.79140127
  0.80824545  0.77452229  0.77628635  0.77133758  0.77547771  0.80031847
  0.79012739  0.79458599  0.79872611  0.79012739  0.76592357  0.79258549
  0.76847134  0.78619367  0.77993631  0.79865772  0.79865772  0.82133758
  0.78375796  0.76019108  0.78566879  0.76893576  0.75350318  0.78917197
  0.76829658  0.76350272  0.78152866  0.81433121]
average score
0.7836708630786988
score std
0.02300124005658912

execution times
[ 184.81557822  183.39621997  186.21252203  183.30442095  183.94304585
  184.42859507  184.25151491  186.08108997  184.67770123  185.10499716
  185.31957817  181.63041401  183.70156002  184.82756686  184.00504589
  181.00410914  183.22389793  182.08648086  180.9977653   184.37630415
  185.81209898  184.74110699  187.1929121   188.54347181  188.13843203
  191.84429598  186.99756408  189.06770611  187.13444614  189.1742332
  182.40410995  187.48490095  192.92545795  188.722193    187.8672843
  187.19815707  189.70258689  188.07640505  185.61363196  160.3996141
  149.32591701  145.57336688  147.85465312  144.82366681  148.5598259
  149.22093797  148.67614508  145.94045877  154.50131202  152.92519999
  152.89520383  151.7825532   150.8567071   148.24181199  147.4040122
  150.71361899  144.25532293  146.28851199  142.72204304  145.20925593
  145.72379684  146.54821372  143.78949475  145.37368107  143.71925402
  144.08881569  147.97318769  144.97585678  143.68328404  143.59917998
  146.17153811  145.8098979   145.99767089  145.13748097  148.58682084
  145.11399388  149.26208425  148.26045012  147.70153117  150.89539409
  150.7703898   152.88145471  151.21212196  148.80657935  150.77273178
  149.74703526  148.35311985  152.05572391  152.0340848   154.70213723
  147.1663928   141.90917826  146.36145902  142.05025601  143.39528179
  144.12955689  145.3196733   141.70420814  144.61066294  147.85513496]
average time
162.52448350667953
time std
18.898668391319703

                      precision    recall  f1-score   support

       AddToPlaylist       0.97      0.90      0.93     44838
      BookRestaurant       0.79      0.84      0.81     46160
          GetWeather       0.56      0.70      0.62     44548
           PlayMusic       0.91      0.78      0.84     46221
            RateBook       0.92      0.82      0.87     43373
  SearchCreativeWork       0.58      0.71      0.64     45762
SearchScreeningEvent       0.96      0.73      0.83     42812

         avg / total       0.81      0.78      0.79    313714
