EXTRACTED INFO

confusion_matrix
[[35923  3593  1885  2036    15   614    77]
 [  456 39090  3046  1731  2224   648    34]
 [  942  2262 38837  2536   241  2229   405]
 [ 1702  1129  4188 28864     0  8953   396]
 [  823  7452  1215   530 32937     2     0]
 [ 1053  1121  7659 17582    42 12798  4432]
 [  781  1265  5725  4048    10  5875 24330]]

score means
[ 0.72738854  0.66878981  0.70764331  0.65796178  0.70414013  0.59585987
  0.73598726  0.61847134  0.66624204  0.7040588   0.53211889  0.65764331
  0.74044586  0.5544586   0.63121019  0.71624204  0.62197452  0.70350318
  0.73889422  0.69840764  0.69830617  0.72292994  0.70318471  0.70859873
  0.70254777  0.71780121  0.68184713  0.72484076  0.58949045  0.68584212
  0.75955414  0.67738854  0.72579618  0.78280255  0.73503185  0.66496815
  0.70828025  0.66910828  0.68853503  0.61744966  0.6888535   0.59235669
  0.71332694  0.64490446  0.71273885  0.50987261  0.73853503  0.69394904
  0.57238734  0.71305732  0.7040588   0.72229299  0.72611465  0.63917197
  0.68757962  0.68089172  0.68535032  0.72003835  0.69574944  0.62579618
  0.61656051  0.68121019  0.7111465   0.74840764  0.70533717  0.6933121
  0.73821656  0.54076433  0.69267516  0.71942675  0.62288271  0.59140127
  0.69063599  0.74585987  0.69872611  0.74267516  0.6899968   0.61624204
  0.71464968  0.64940876  0.69235669  0.72003835  0.67657399  0.72834771
  0.5589172   0.71401274  0.71847134  0.64972835  0.58057325  0.52285075
  0.71369427  0.66942675  0.68375796  0.60658357  0.74840764  0.61553212
  0.69936306  0.64522293  0.71942675  0.7343949 ]
average score
0.6781998644283088
score std
0.05672609644458718

execution times
[  376.39228177  4888.83562422   401.61760521   402.50289989   400.84133315
   394.48364806   400.90797305   393.11629295   400.17506719   404.02949405
   399.05096006   388.98122692   399.53386092   381.0154388    411.35699773
   402.39797997   396.84907126   397.15579391   444.87460184   384.19989872
   378.33232903   385.94554186   375.68967032   379.80068684   378.67710423
   383.19393301   380.93638134   379.2103827    381.09116697   377.53301072
   385.55087471   374.25429726   381.13896298   387.79314208   387.05113292
   378.27667403   382.53742599   378.51297522   373.70422816   378.74693203
   380.87853789   379.86589527   381.31122088   378.8626399    383.56211901
   373.42740989   380.61862397   376.98111987   372.70771408   386.15385413
   386.87693095   385.75165701   378.87012315   377.25922465   384.76624203
   377.45084596   378.29375815   380.06805587   378.98464203   383.89487076
   372.74356198   386.00532198   380.70672703   390.26656103   378.487602
   381.74681687   380.38947916   377.97581577   377.86647415   382.85885286
   374.14910102   371.85331035   383.13121319   384.61873317   377.94735575
   381.47364807   386.25295997   379.82034087   380.2740171    380.53291273
   376.32528806   380.24575186   379.29553366   387.2017107    374.31907678
   380.88341355   378.9358201    379.86487818   369.98297381   377.90333533
   375.68513203   372.16673207   371.11851883   382.02714801   388.07358217
   372.90463901   383.00737      379.74263501   379.6678431    388.42950916]
average time
428.69762084007266
time std
448.3788000963906

                      precision    recall  f1-score   support

       AddToPlaylist       0.86      0.81      0.84     44143
      BookRestaurant       0.70      0.83      0.76     47229
          GetWeather       0.62      0.82      0.71     47452
           PlayMusic       0.50      0.64      0.56     45232
            RateBook       0.93      0.77      0.84     42959
  SearchCreativeWork       0.41      0.29      0.34     44687
SearchScreeningEvent       0.82      0.58      0.68     42034

         avg / total       0.69      0.68      0.67    313736
