EXTRACTED INFO

confusion_matrix
[[39829   802  1865  1599    88   493     5]
 [   79 40241  2331    73   479   925    11]
 [   22   733 45496    23   385  1482   331]
 [ 1088  1244  3855 36456     6  1708    54]
 [   92  2906  1490     0 38463    45     1]
 [  236  1557  6153  2824    88 31096  2771]
 [  256  1142  6186   127   160  6789 29750]]

score means
[ 0.80987261  0.80095541  0.85254777  0.8168744   0.83057325  0.84044586
  0.87165605  0.85254777  0.83089172  0.84522293  0.81974522  0.77515924
  0.82422499  0.8477707   0.84426752  0.85541401  0.75063694  0.86146497
  0.85159236  0.85573248  0.83980892  0.86050955  0.82614254  0.86624204
  0.83121019  0.82452229  0.84235669  0.83598726  0.81495686  0.7977707
  0.89267516  0.84840764  0.83980892  0.85382166  0.81528662  0.8089172
  0.80025567  0.8522293   0.83757962  0.84787472  0.82547771  0.84299363
  0.80700637  0.8544586   0.86847134  0.83694268  0.82165605  0.83573027
  0.84872611  0.8522293   0.85095541  0.79961649  0.80600831  0.84044586
  0.86942675  0.81464968  0.7977707   0.84745223  0.82388535  0.83061681
  0.83221477  0.86705018  0.83726115  0.82834395  0.80764331  0.79840764
  0.85605096  0.86878981  0.81273885  0.80127389  0.79833813  0.81369427
  0.8522293   0.83025478  0.83184713  0.85286624  0.78139981  0.83152866
  0.84490446  0.82452229  0.82070064  0.81433121  0.82901886  0.83694268
  0.85414013  0.88121019  0.81273885  0.86146497  0.82929936  0.8366242
  0.80350318  0.82675159  0.81082803  0.81656051  0.8589172   0.87420382
  0.77197452  0.85414013  0.80414013  0.8522293 ]
average score
0.8326955845562266
score std
0.024887635981385645

execution times
[ 176.77231884  175.39933109  176.72533798  176.00582886  177.33424306
  176.31829524  181.14498711  175.35499716  179.21679688  179.9546411
  181.08310509  173.95109582  178.57237291  181.10206318  179.07394481
  180.23725224  172.31199384  178.46350503  183.43199182  183.03867412
  180.21997809  180.20517778  152.59862804  150.95225596  147.6986959
  176.53136992  182.51860976  183.13498592  182.93084002  182.33641171
  186.567734    183.52372408  187.79369593  192.75444889  185.56194091
  177.51673508  183.90980005  185.12076998  181.99513316  185.60149097
  178.164433    181.56308198  178.52343988  184.23884487  186.60183501
  180.24892187  181.62036514  183.00667191  182.48037505  179.99664903
  181.10406423  178.60547376  178.4272759   186.21219611  183.96277714
  181.57437897  182.39883423  181.18384194  185.50289798  181.10835719
  187.38573909  149.5329442   142.10528803  143.39485884  142.3875289
  141.03109622  141.77028203  143.98787498  143.69613004  140.37459898
  142.03260374  144.17124009  167.43363309  163.94298005  155.93698096
  162.43044209  159.6784761   172.64311409  166.74759102  159.75017595
  159.06930304  165.77031302  175.27581596  158.20305896  169.64611912
  166.47657585  151.86263108  157.99479389  154.85977602  377.64023709
  169.8453002   183.77138519  181.00521398  181.92134285  188.13782406
  188.45745516  182.24245286  188.13029408  180.63658595  189.72195101]
average time
175.12591925382614
time std
24.770241995714105

                      precision    recall  f1-score   support

       AddToPlaylist       0.96      0.89      0.92     44681
      BookRestaurant       0.83      0.91      0.87     44139
          GetWeather       0.68      0.94      0.79     48472
           PlayMusic       0.89      0.82      0.85     44411
            RateBook       0.97      0.89      0.93     42997
  SearchCreativeWork       0.73      0.70      0.71     44725
SearchScreeningEvent       0.90      0.67      0.77     44410

         avg / total       0.85      0.83      0.83    313835
