EXTRACTED INFO

confusion_matrix
[[37319  3023  1834  1272   764   543    70]
 [   80 35082  3020  1233  7027   952    75]
 [  140  2931 24779  3466   744 11845  2192]
 [ 1524  1430  3918 33586    64  6300   572]
 [  221 10276  1780  1307 30789   102    41]
 [  479  1325  8129 13048   356 15365  3563]
 [  309  1473  5872  2503   229  8461 22378]]

score means
[ 0.66050955  0.54617834  0.67006369  0.60159236  0.72452229  0.66592357
  0.69235669  0.69012739  0.66210191  0.60147012  0.66251198  0.68280255
  0.6977707   0.48471338  0.58694268  0.62006369  0.42324841  0.46910828
  0.69076433  0.72579618  0.64872611  0.61242038  0.55417066  0.63310962
  0.68248408  0.64426752  0.66410994  0.55541401  0.66974522  0.64840764
  0.63566879  0.65541401  0.58005753  0.6366242   0.65859873  0.62547771
  0.67898089  0.68503185  0.59060403  0.61457335  0.66698626  0.67866242
  0.65127389  0.67229299  0.68216561  0.63280255  0.64365612  0.63312102
  0.51528662  0.60509554  0.6111465   0.65987261  0.67018217  0.6611465
  0.67452229  0.60382166  0.66815287  0.62006369  0.57813998  0.64904459
  0.63121019  0.6066879   0.67738854  0.63089172  0.49522293  0.67675159
  0.66273885  0.61751592  0.66783439  0.57579618  0.67738854  0.62735698
  0.68343949  0.60541401  0.5739853   0.60530521  0.68917197  0.69012739
  0.60764331  0.69319271  0.65100671  0.59808917  0.57909875  0.67133758
  0.64394904  0.57898089  0.67547771  0.45286624  0.67802548  0.69808917
  0.64490446  0.59936306  0.63982103  0.61624204  0.65605096  0.69713376
  0.68757962  0.63566879  0.69363057  0.70987261]
average score
0.6351214099455881
score std
0.05679476657545444

execution times
[ 464.07794785  458.77141619  479.44126272  478.57581306  490.41907501
  486.62695909  494.28217173  496.64720273  490.72987485  486.49629998
  493.42996502  506.82978392  498.93781781  499.57070112  491.37443113
  499.5626421   497.96222425  404.22232199  372.6653111   372.68856096
  369.88149285  370.08703208  366.11892605  372.96360493  372.50726795
  372.22356915  384.09251308  380.5946269   387.17688584  366.04098606
  364.63831496  368.69064903  365.16852188  368.57598281  371.0261178
  369.90444183  374.18637085  377.73346496  377.52371097  385.13184929
  386.86764383  381.42559791  430.52087307  476.20748186  471.00626516
  463.27300382  462.28697491  464.80034828  455.13732815  465.24243307
  474.29606891  466.74187303  473.52442288  460.7213788   471.96319008
  463.90867877  473.20017791  465.27164125  462.78683305  471.90950394
  468.98538494  407.59801888  383.93016505  385.794348    375.53026366
  379.50892019  367.90179372  397.85598612  485.017308    495.33508778
  505.94270992  506.6450479   509.41603017  505.2376771   507.43774796
  499.57096124  517.32551003  519.88433099  504.98876905  506.41800308
  504.1979239   498.74883103  496.78097796  498.85449481  499.75071526
  495.78280616  505.55750227  506.23120308  504.92820311  510.14421892
  500.29108477  500.3534801   499.237432    496.47327065  493.69058728
  499.72862601  501.59816718  495.17611098  497.456213    444.35925007]
average time
452.4833499288559
time std
54.02968199699439

                      precision    recall  f1-score   support

       AddToPlaylist       0.93      0.83      0.88     44825
      BookRestaurant       0.63      0.74      0.68     47469
          GetWeather       0.50      0.54      0.52     46097
           PlayMusic       0.60      0.71      0.65     47394
            RateBook       0.77      0.69      0.73     44516
  SearchCreativeWork       0.35      0.36      0.36     42265
SearchScreeningEvent       0.77      0.54      0.64     41225

         avg / total       0.65      0.64      0.64    313791
