EXTRACTED INFO

confusion_matrix
[[34505  1754  1884  6341     0   651    17]
 [  600 40717  2021   641   354   640    11]
 [  240   778 41541   555   296   948    98]
 [ 2724   542  3613 33820     0  2376    49]
 [  161  1661   926     1 41859     1     0]
 [  829   838  6589  8309    35 25463  2338]
 [ 1469   774  5598  1807    73  5850 31461]]

score means
[ 0.74140127  0.76242038  0.80796178  0.82515924  0.7933121   0.83280255
  0.82486417  0.82484076  0.81878981  0.80089485  0.79386385  0.84203822
  0.81719745  0.81815287  0.82993631  0.69426752  0.81910828  0.77324841
  0.79808917  0.71242038  0.80345158  0.80313199  0.70191083  0.7955414
  0.80313199  0.79458599  0.83121019  0.78471338  0.79012739  0.80477707
  0.80127389  0.77420382  0.75998722  0.80732484  0.81050955  0.81367849
  0.82356688  0.75286624  0.80409076  0.81082803  0.77738854  0.84276127
  0.80472995  0.83025478  0.84936306  0.81399808  0.85        0.81050955
  0.83280255  0.80732484  0.85509554  0.80254777  0.83407643  0.81974522
  0.78970917  0.74713376  0.7455414   0.78491531  0.79737935  0.72484076
  0.81783317  0.74944072  0.69745223  0.83853503  0.77788431  0.79904459
  0.84012739  0.80700637  0.8         0.60477707  0.63630573  0.82070064
  0.83726115  0.87643312  0.78587408  0.81910828  0.80568872  0.79585987
  0.87420382  0.8343949   0.83988495  0.81210191  0.76401274  0.80987261
  0.72484076  0.79904459  0.80191083  0.81592357  0.84244167  0.78726115
  0.78025478  0.82961783  0.77101911  0.81273885  0.83726115  0.82515924
  0.80987261  0.64522293  0.64649682  0.78312102]
average score
0.7947778853258911
score std
0.04810681388766222

execution times
[ 195.86817813  217.5087471   202.9747231   197.897156    204.27396584
  204.03933215  200.99628305  202.64896297  196.70508289  200.67454624
  199.03370214  199.79225206  203.28781009  204.74236703  208.28541803
  195.3005228   202.50687599  197.30354524  206.04755998  197.52355599
  204.72419095  210.2222569   202.01940203  206.62924886  204.63330293
  192.63233685  160.86284423  161.12741184  158.81728578  157.94070411
  158.02041602  159.72199869  155.95170784  162.92199922  157.34720206
  161.33992672  159.94791198  158.78623986  161.42041492  160.61315727
  159.34067893  162.51234269  162.24196506  162.23581219  165.56594491
  164.49605107  165.31735778  160.17865515  166.29762602  163.76147509
  169.4935739   160.95318913  163.25635505  163.32047319  162.88601708
  157.45546389  162.12583995  166.0609777   162.36011219  157.41878772
  162.24668288  158.57495093  161.01944685  165.04646182  159.65021086
  160.85615301  164.16355085  162.03584409  162.50174713  160.83160925
  154.68548203  164.44858813  165.92773724  166.49170303  160.83707809
  160.63227081  162.01165891  159.92083001  167.77817607  166.10715485
  170.82004786  161.52783585  162.35232282  164.62170196  159.92868185
  162.05475307  164.02343798  163.50699425  168.43267894  165.40558386
  162.40977693  168.29455733  157.84041309  166.83654094  162.63395405
  164.21529984  166.43337798  154.24644494  154.02495003  156.92822814]
average time
172.52674163103103
time std
18.059231731718388

                      precision    recall  f1-score   support

       AddToPlaylist       0.85      0.76      0.81     45152
      BookRestaurant       0.87      0.91      0.88     44984
          GetWeather       0.67      0.93      0.78     44456
           PlayMusic       0.66      0.78      0.72     43124
            RateBook       0.98      0.94      0.96     44609
  SearchCreativeWork       0.71      0.57      0.63     44401
SearchScreeningEvent       0.93      0.67      0.78     47032

         avg / total       0.81      0.79      0.79    313758
