EXTRACTED INFO

confusion_matrix
[[38423  3939  1853  1524   168   105    28]
 [  678 34409  3257  1476  3816   454    84]
 [  202  3424 33447  2992   383  7085  1598]
 [ 1336  1587  4421 36388    10  2614   429]
 [  754  8049  1412   247 31156    18     3]
 [  343  1013 10283 12427    73 15763  5240]
 [  322  1217  5644  2859   108  6482 24171]]

score means
[ 0.72866242  0.66082803  0.73566879  0.71528662  0.66442953  0.72197452
  0.58184713  0.55095541  0.59681529  0.64968153  0.65286624  0.69681529
  0.58853503  0.65803771  0.73312102  0.64585987  0.67866242  0.68471338
  0.70159236  0.70501758  0.74076433  0.73537872  0.74617834  0.72099712
  0.64713376  0.68057325  0.67770701  0.73216561  0.66922339  0.75191083
  0.65414013  0.67038217  0.75382166  0.67913071  0.66974522  0.66624204
  0.68152866  0.66050955  0.66379035  0.67707006  0.72259508  0.68503185
  0.66027485  0.65548098  0.66146497  0.77802548  0.69287312  0.72579618
  0.69415149  0.59968153  0.64522293  0.47235539  0.67356688  0.66464968
  0.69830617  0.7430489   0.67913071  0.67050176  0.71082803  0.72038217
  0.66474912  0.69745223  0.69044586  0.68726115  0.65414013  0.64713376
  0.65164589  0.68312102  0.71305732  0.70031847  0.64394904  0.72292994
  0.6566879   0.63406839  0.70509554  0.61649089  0.6888535   0.71050955
  0.65732484  0.65286624  0.65573248  0.68726115  0.72324841  0.68535032
  0.67611465  0.76528662  0.60477707  0.73757962  0.68853503  0.77388535
  0.60923567  0.7111465   0.64426752  0.71719745  0.69511026  0.70373921
  0.72707006  0.75063694  0.69479067  0.62448066]
average score
0.6813667763860982
score std
0.04748280137833774

execution times
[ 459.36797523  451.50400281  459.32700181  458.45486808  463.50953126
  453.92488694  444.71672702  442.95343208  442.64614201  446.36897111
  450.69455981  457.84812593  447.02170706  446.82729912  460.76874185
  450.90245295  460.49446869  455.74546003  469.22491384  463.56835675
  471.37199998  478.65905404  471.65635395  463.55831385  464.25398088
  470.44957209  458.31104589  472.66366911  475.76220918  464.83528686
  352.43045616  372.068748    369.69403887  351.57880902  354.32483006
  344.72981977  350.47941518  350.42291093  390.13614511  445.13550091
  457.20131898  448.61245203  448.99954486  441.43374324  443.72195482
  460.63218594  448.55904508  456.75996184  452.27139616  440.15613389
  443.96308303  453.15791702  452.11873889  462.40780997  465.35177922
  468.79933286  467.71450806  471.60863805  471.98883986  477.236094
  469.67017817  470.11982799  474.02561188  481.51260805  482.9003799
  478.930439    463.3822391   364.5729568   371.94011736  358.54418707
  349.72277188  363.32492208  354.096946    354.95628214  359.60549188
  355.14953685  359.50575304  353.72613883  355.96371627  359.66632795
  374.60514379  367.03701019  367.3231802   374.22723293  354.113379
  364.50318694  345.36402202  356.91586399  420.9478209   463.46364594
  440.86967397  451.80169773  445.06021285  452.31494808  446.24768114
  461.48528624  453.7997148   460.53042197  455.81004095  442.89118981]
average time
428.71714047670366
time std
46.39319060205854

                      precision    recall  f1-score   support

       AddToPlaylist       0.91      0.83      0.87     46040
      BookRestaurant       0.64      0.78      0.70     44174
          GetWeather       0.55      0.68      0.61     49131
           PlayMusic       0.63      0.78      0.70     46785
            RateBook       0.87      0.75      0.81     41639
  SearchCreativeWork       0.48      0.35      0.41     45142
SearchScreeningEvent       0.77      0.59      0.67     40803

         avg / total       0.69      0.68      0.68    313714
