EXTRACTED INFO

confusion_matrix
[[32331  2559  1939  1432     1   468     3]
 [  557 40369  3523  1812  1323   750     7]
 [  871  2980 26631  9486   174  5073    29]
 [ 1152   840  4901 31546     0  9143    78]
 [   22  6831  1325     6 39344     0     0]
 [  728   916  7337 16830    22 16140  2176]
 [  640   700  4916  3939     1  4287 27576]]

score means
[ 0.7075743   0.69894535  0.63726115  0.70796178  0.70127389  0.65987261
  0.72675159  0.67433685  0.69044586  0.64936306  0.69840764  0.72515924
  0.72229299  0.73089172  0.6977707   0.7366242   0.74012739  0.73729626
  0.74745223  0.76273885  0.72323426  0.72101911  0.63310962  0.67356688
  0.75191083  0.59681529  0.72035794  0.7066879   0.56146497  0.70764331
  0.72035794  0.71050955  0.62735698  0.67146053  0.64458599  0.72484076
  0.68025478  0.71875999  0.62133758  0.67484076  0.57738854  0.7156051
  0.64237776  0.63918185  0.73280255  0.71496815  0.4955414   0.63821656
  0.60923567  0.7388535   0.6933121   0.71460531  0.65605096  0.7325024
  0.75286624  0.71592357  0.61457335  0.65803771  0.65739853  0.66082803
  0.58471338  0.64840764  0.66698626  0.72579618  0.6656051   0.71942675
  0.62484076  0.71751592  0.6343949   0.52165605  0.72770701  0.62579618
  0.65796178  0.71524449  0.66762544  0.7455414   0.65031847  0.68104826
  0.74617834  0.69095558  0.57324841  0.6888535   0.66401274  0.69171975
  0.64617834  0.71401274  0.67643312  0.67497603  0.71878981  0.7566879
  0.72261146  0.6955414   0.68744008  0.72579618  0.7040588   0.72261146
  0.70573248  0.72356688  0.49140127  0.69076433]
average score
0.6819508847783118
score std
0.05419599885696612

execution times
[ 411.51769996  408.72822499  404.69973588  407.08957195  415.55452514
  408.52921295  414.92677188  411.03811383  420.68137383  415.19898176
  403.61665177  346.31645679  341.84888077  334.42539787  323.41304493
  325.90238523  326.454144    330.21147704  380.55132008  414.300349
  410.93307185  413.74563193  410.41695881  405.1724999   423.27378201
  414.02890992  424.90240216  418.84166098  428.20488977  433.0396831
  430.43495703  436.83522201  440.55824113  434.69641185  423.30920219
  441.2497499   426.09827781  444.65137219  417.11835027  430.01112509
  420.66637373  433.42444301  416.76707292  424.57598519  405.87648082
  324.02782798  317.99900794  319.48206186  316.85470295  326.35639977
  317.06283617  326.66239095  316.08890319  337.51250482  331.15087795
  327.84155083  327.54960108  342.20325089  336.3318131   334.5020802
  325.90996313  323.36039495  315.178334    321.43642879  320.52768302
  323.83448195  318.08556318  326.11353707  316.41217804  320.83283496
  335.73885274  314.22311616  325.3997972   328.77012396  325.54115605
  344.96778893  331.17165589  337.88523388  340.34482312  333.73993111
  313.56048298  315.95428705  322.58886194  323.6211431   317.68209696
  327.47553468  322.82771206  320.56607676  322.30859637  332.70709586
  327.34694982  322.07845616  327.04439402  335.69939804  329.86911583
  335.74430084  341.23777294  338.99209094  322.00665402  325.23247886]
average time
362.0948026227951
time std
45.750385229587835

                      precision    recall  f1-score   support

       AddToPlaylist       0.89      0.83      0.86     38733
      BookRestaurant       0.73      0.84      0.78     48341
          GetWeather       0.53      0.59      0.56     45244
           PlayMusic       0.48      0.66      0.56     47660
            RateBook       0.96      0.83      0.89     47528
  SearchCreativeWork       0.45      0.37      0.40     44149
SearchScreeningEvent       0.92      0.66      0.77     42059

         avg / total       0.71      0.68      0.69    313714
