EXTRACTED INFO

confusion_matrix
[[28311  7586  1650  6566  2014   648   243]
 [ 2326 26097  2065  3526  6925  3154   595]
 [  701  3555 19338  8544  1085  8785  3019]
 [ 2179  2412  3126 22357   569 12893  1215]
 [ 4193 10655  1532  2081 28774  1362   753]
 [ 1078  2416  5321 15361   814 10977  4901]
 [  932  1762  5443  4779   965  9344 18809]]

score means
[ 0.54777884  0.52165605  0.39808917  0.48833493  0.52165605  0.44745223
  0.51518057  0.42984979  0.37070064  0.52636625  0.52866242  0.39808917
  0.48980892  0.50573248  0.38089172  0.48375796  0.52834395  0.48566879
  0.52675159  0.55987261  0.49248961  0.49872611  0.4089172   0.53121019
  0.50382166  0.50655161  0.56088207  0.48418025  0.54713376  0.50764331
  0.52165605  0.52961783  0.50509554  0.47292994  0.44044586  0.4541387
  0.50031847  0.50573248  0.54522212  0.38184713  0.44295302  0.52929936
  0.52189198  0.5044586   0.50350318  0.5044586   0.51486098  0.5410828
  0.49025248  0.48312102  0.47299457  0.39522293  0.52547771  0.50732484
  0.43280255  0.47898089  0.43471338  0.53184713  0.47993631  0.56375839
  0.50111857  0.49140127  0.4866242   0.47420382  0.52006369  0.49904459
  0.53280255  0.49235669  0.4522293   0.52929936  0.52452229  0.54490446
  0.45605096  0.52515924  0.49426752  0.53535032  0.54012739  0.49408757
  0.55254777  0.50127389  0.52802548  0.50286624  0.50974752  0.42611465
  0.53726115  0.51878981  0.51433121  0.44808917  0.55449025  0.50095541
  0.52420382  0.52133758  0.50923567  0.51656051  0.49203822  0.5001598
  0.36974522  0.50814957  0.34713376  0.40907638]
average score
0.4929789161592907
score std
0.04682578843782336

execution times
[ 2131.3805387    925.03494287   902.01100993   908.47387695   914.00476909
   897.35296893   913.16597104   905.76257682   896.77277899   913.90259099
   908.17518902   917.26184082   911.07712197   905.17088509   889.77635503
   900.3245759    911.45218825   916.22747207   904.25231409   912.04803801
   898.72155619   907.29330206   898.05375719   911.77189231   903.85581613
   913.8068459    916.7965169    901.44494319   915.28052807   905.05232811
   909.91546798   924.49571586   908.07214904   904.22862005   894.19356799
   915.58639836   910.83685017   912.73036432   912.71955991   897.52789402
   901.68213296   912.64876103   914.96245503   907.65098906   924.9995079
   914.80155301   919.08523798   915.1612339    903.292799     911.06466603
   905.91867113   908.98638725   913.91004634   900.5811789    916.95383763
   908.68910527   914.07505584   922.33150077   909.91369915   918.73215985
   909.84307909   908.70476699   917.18171787   904.10185981   913.55496597
   917.13770604   907.98342109   905.55366993   902.04387188   922.88880897
   905.0546937    925.18271208   918.44357991   910.73990893   913.05386186
   906.51510787   926.07460499   913.33981776   916.34636617   909.44560671
   910.385921     915.23682213   908.46086073   911.34539199   918.82038999
   911.06840229   915.3512969    917.80889177   917.94731188   904.5984199
   914.52379417   915.50199509   908.05555582   913.56782889   906.48076415
   902.66780806   899.2438488    911.06430006   884.53433084   928.63389063]
average time
922.5994100904464
time std
121.73641660183033

                      precision    recall  f1-score   support

       AddToPlaylist       0.71      0.60      0.65     47018
      BookRestaurant       0.48      0.58      0.53     44688
          GetWeather       0.50      0.43      0.46     45027
           PlayMusic       0.35      0.50      0.41     44751
            RateBook       0.70      0.58      0.64     49350
  SearchCreativeWork       0.23      0.27      0.25     40868
SearchScreeningEvent       0.64      0.45      0.53     42034

         avg / total       0.52      0.49      0.50    313736
