EXTRACTED INFO

confusion_matrix
[[33483  5685  1577  3435   485   827   378]
 [ 1452 30238  2383  3028  4155  1679   446]
 [  818  5222 21321 10360   836  7278  2099]
 [ 1605  1473  3629 24468    31 11538  1243]
 [ 1470  9959  1465  1658 29458   202    50]
 [ 1504  1261  5933 18645   112  9153  6928]
 [ 1705  1487  5709  5349   226  8841 21471]]

score means
[ 0.48726115  0.58057325  0.58357303  0.59171975  0.55        0.62547771
  0.48152866  0.5433121   0.49440716  0.49522293  0.56210191  0.48025478
  0.58868648  0.57738854  0.55768616  0.5933121   0.58598726  0.55573248
  0.58121019  0.51878981  0.56878981  0.52988175  0.5888535   0.55031847
  0.48641739  0.60796178  0.47802548  0.55796178  0.50477707  0.5388535
  0.54363057  0.58312102  0.55923567  0.5566879   0.52165605  0.37675159
  0.53152866  0.51082803  0.56528662  0.56815287  0.53471338  0.59028444
  0.57261146  0.55955414  0.5044586   0.5915628   0.57197452  0.50382166
  0.55800575  0.58949045  0.43853503  0.52133758  0.52515924  0.45318471
  0.52221157  0.58789809  0.54936306  0.58471338  0.57961783  0.57165605
  0.48152866  0.60626398  0.52572707  0.56464968  0.42611465  0.60414013
  0.52866242  0.54904459  0.56783439  0.46464968  0.5388535   0.51869607
  0.56719745  0.57579618  0.53978907  0.58421221  0.59649682  0.47802548
  0.56120166  0.57675159  0.55955414  0.49140127  0.46369427  0.50541401
  0.51518057  0.51464968  0.59203822  0.57770701  0.57866242  0.45796178
  0.48865452  0.53980892  0.39373602  0.60434644  0.59171975  0.5656051
  0.39181847  0.53821656  0.57770701  0.57494407]
average score
0.5405155418898205
score std
0.05013778717298173

execution times
[ 817.32500386  839.99123001  839.02730179  842.57145596  832.71241617
  853.20320797  829.29196095  828.36098099  815.8096838   823.88775706
  830.03959894  837.13254905  843.35110307  838.26853108  829.80722666
  841.72357607  832.22265673  833.01118207  829.59058213  830.97642422
  833.05648994  823.17424488  832.05465007  827.50218296  823.50431895
  835.91713691  816.64509106  833.25554371  833.17461705  835.59021211
  827.64525914  850.48467302  833.42556334  840.6880157   827.63863683
  793.24469399  827.00114918  823.04093528  839.16657305  840.12458992
  828.13027191  843.07835698  829.14913106  826.46985006  819.94595003
  848.27111602  840.92641211  824.66287827  836.78207636  841.00500822
  845.04924512  827.54346585  828.51801586  811.50679231  825.92726278
  847.00391603  837.05772495  839.3933351   839.65680695  835.59125996
  821.65428233  850.15864563  820.12351394  831.05476308  832.03605509
  847.07268095  824.45517898  841.53653407  842.57248378  830.25341177
  844.53917074  825.18926215  826.06952786  836.80432296  828.88784194
  843.55180407  845.64749026  833.52212906  833.371418    839.11670184
  836.48300123  826.4143579   844.25756192  825.11107397  830.56756091
  830.18390512  839.21552205  834.60125208  838.66783714  814.21408772
  820.16944003  850.71760631  820.85038114  840.41951799  834.20695567
  828.74231386  828.63358021  837.4804709   829.84846497  836.86203098]
average time
832.8557202219963
time std
9.545020654806125

                      precision    recall  f1-score   support

       AddToPlaylist       0.80      0.73      0.76     45870
      BookRestaurant       0.55      0.70      0.61     43381
          GetWeather       0.51      0.44      0.47     47934
           PlayMusic       0.37      0.56      0.44     43987
            RateBook       0.83      0.67      0.74     44262
  SearchCreativeWork       0.23      0.21      0.22     43536
SearchScreeningEvent       0.66      0.48      0.55     44788

         avg / total       0.56      0.54      0.54    313758
