EXTRACTED INFO

confusion_matrix
[[27895  3546  2139 10969     0  1022    39]
 [ 2300 37124  2771  2405   864   318    19]
 [ 2344  1804 31816  5980   216  2169   139]
 [ 4659   876  4921 28301     0  6491   138]
 [ 1607  6668   989   952 35795     0     0]
 [ 2651   676  8938 16813    24 10221  3486]
 [ 2582   648  5572  3603     0  5296 25961]]

score means
[ 0.57174816  0.67961783  0.64365612  0.66878981  0.57738854  0.67070064
  0.61974522  0.63057325  0.5955414   0.67484076  0.69095558  0.69299363
  0.69426752  0.63726115  0.66242038  0.62448066  0.60923567  0.59426752
  0.68488335  0.64012739  0.58057325  0.66730585  0.6513263   0.5564078
  0.52770701  0.54426334  0.57515924  0.57070064  0.61528662  0.58216561
  0.67802548  0.57452229  0.61105785  0.68566879  0.61974522  0.68552253
  0.52866242  0.66974522  0.58216561  0.66634708  0.68949045  0.66624204
  0.57898089  0.57261146  0.66178344  0.61751592  0.60095541  0.67484076
  0.63694268  0.6544586   0.65859873  0.66050955  0.56815287  0.67497603
  0.60370725  0.61528662  0.5423458   0.65127389  0.69649682  0.70732484
  0.60923567  0.63280255  0.65859873  0.64458599  0.66442953  0.65036753
  0.65509554  0.52802548  0.58121019  0.65516139  0.7044586   0.52707006
  0.68089172  0.59522293  0.59840764  0.58089172  0.61910828  0.68566879
  0.6196868   0.62993631  0.5845318   0.65700637  0.65580058  0.5388535
  0.63471338  0.69681529  0.65477707  0.60573248  0.5955414   0.70382166
  0.52133758  0.62356688  0.6548418   0.54872611  0.67929936  0.66210191
  0.62611465  0.60274848  0.6433121   0.64681529]
average score
0.6282565989418893
score std
0.04804846917283705

execution times
[ 405.82145095  411.28752899  404.12217593  402.93451905  406.16109991
  405.69702101  395.65410304  404.23039889  403.15930986  405.29944491
  404.23305511  407.6415062   408.4506259   400.81311917  400.19983006
  404.91131806  405.41505504  402.81594086  411.19013405  406.20487714
  406.06549406  405.89383316  408.21077394  406.23357105  405.16278291
  399.74201703  398.97708392  408.12886286  403.11925697  405.27629328
  409.6363349   407.40408587  405.40667796  404.09489179  406.43748927
  411.12065482  398.04705     409.50370717  399.92447591  410.87521577
  408.3018322   415.16101098  404.23801494  400.57462716  405.09276891
  401.55767584  405.49805999  402.35159183  404.84125996  412.89414883
  415.04589224  410.57876492  398.76295304  420.72194505  408.66115308
  400.34955072  395.20777488  398.24326921  416.33961821  407.44280601
  398.83295107  403.32245588  398.98146272  399.5223279   407.96671677
  405.88000607  397.94775009  393.54106593  397.30009913  405.12008309
  409.71686816  400.73829579  408.48618078  400.05267501  392.15044975
  397.5246017   398.43375611  409.40548372  396.28393483  400.35762691
  397.26318192  396.03047705  396.64641786  398.02116203  395.53461885
  403.4758141   407.92356086  403.30055881  396.82893896  407.31570101
  401.31393313  395.37298894  399.39557815  394.70210004  396.51419592
  409.44775605  391.65520501  406.58243489  400.29038215  398.36043191]
average time
403.5490801382065
time std
5.565334059557953

                      precision    recall  f1-score   support

       AddToPlaylist       0.63      0.61      0.62     45610
      BookRestaurant       0.72      0.81      0.76     45801
          GetWeather       0.56      0.72      0.63     44468
           PlayMusic       0.41      0.62      0.49     45386
            RateBook       0.97      0.78      0.86     46011
  SearchCreativeWork       0.40      0.24      0.30     42809
SearchScreeningEvent       0.87      0.59      0.71     43662

         avg / total       0.65      0.63      0.63    313747
