EXTRACTED INFO

confusion_matrix
[[39408   682  2674   245     3  1289    48]
 [  139 40839  4240     0   888   639    42]
 [  479  2158 39589     0   148   699   176]
 [  828   119  4980 34014     0  2894   118]
 [   85  5743  1584     0 40935    21     0]
 [  480   548  9633  2245    52 29343  3036]
 [  681   747  6745    26    43  6758 27770]]

score means
[ 0.80888463  0.76878981  0.81687898  0.81401274  0.83956536  0.82961783
  0.76815287  0.80350318  0.83343949  0.81367849  0.84426752  0.83853503
  0.84872611  0.80732484  0.77452229  0.83694268  0.83503185  0.73473953
  0.83821656  0.75764331  0.7611465   0.85509554  0.77356688  0.82738854
  0.77372963  0.80191083  0.83853503  0.79267516  0.80095541  0.85191083
  0.78248408  0.77547771  0.82292994  0.82646213  0.80728667  0.75923567
  0.81433121  0.68789809  0.84904459  0.83248408  0.79674017  0.84020454
  0.75231703  0.77898089  0.77197452  0.73248408  0.81401274  0.83789809
  0.81369427  0.83604986  0.81719745  0.7746884   0.8589172   0.78503185
  0.78757962  0.79203822  0.80573248  0.83057325  0.7606264   0.79904459
  0.80057526  0.79713376  0.79904459  0.8         0.81687898  0.76624204
  0.81878981  0.82101911  0.78375796  0.80859873  0.81623522  0.80159236
  0.74458599  0.82165605  0.7933121   0.81019108  0.84872611  0.81878981
  0.76656051  0.76974522  0.81496815  0.76369427  0.78630573  0.79235669
  0.82802548  0.76496815  0.8066879   0.78821656  0.80382166  0.82738854
  0.83152866  0.77852349  0.81178344  0.82197452  0.80732484  0.80031847
  0.78235858  0.75955414  0.83630573  0.82738854]
average score
0.8026973545199724
score std
0.030913302545455087

execution times
[ 187.41087008  184.53209496  189.44761705  187.473943    188.89134407
  190.254421    183.63484859  188.78233504  197.31029987  191.98277807
  194.441468    197.26023078  199.1823349   190.9156909   186.95143509
  199.00286603  207.57083702  184.34951997  192.67589211  183.13900995
  189.76439977  181.72834396  150.00810075  154.61730981  149.6719439
  149.97342825  153.74911094  149.01934671  150.15968394  152.18496609
  162.54829812  185.55462503  188.6928792   189.86231899  188.77744102
  187.94523692  195.26629591  185.17521191  198.12232614  200.68971276
  195.6229949   200.95099068  194.78364515  197.65932918  196.8714118
  189.84781718  202.38262796  200.13644195  202.608284    202.81523609
  205.96599722  196.10949707  195.57935095  149.99860811  151.81751204
  148.6685431   151.17497277  153.76809096  149.91257286  151.59455585
  150.73361206  152.21205902  150.64808512  152.3616209   152.00498009
  149.29337406  151.42052102  149.40319395  148.03578305  151.49339867
  154.60507011  149.52398324  146.47407198  152.69292498  150.05972385
  151.95098495  154.72152305  152.95768929  146.83103585  150.86535406
  152.69048476  148.51195002  147.63536286  151.3291409   150.57654214
  152.11674094  149.61848807  149.87867594  151.09671402  151.48608994
  152.19859505  152.19500494  151.36265969  151.93250465  151.10737419
  152.4722271   152.46335602  146.88724995  153.08958411  148.8654542 ]
average time
169.62792485237122
time std
21.360800062215265

                      precision    recall  f1-score   support

       AddToPlaylist       0.94      0.89      0.91     44349
      BookRestaurant       0.80      0.87      0.84     46787
          GetWeather       0.57      0.92      0.70     43249
           PlayMusic       0.93      0.79      0.86     42953
            RateBook       0.97      0.85      0.91     48368
  SearchCreativeWork       0.70      0.65      0.67     45337
SearchScreeningEvent       0.89      0.65      0.75     42770

         avg / total       0.83      0.80      0.81    313813
