EXTRACTED INFO

confusion_matrix
[[24173  7398  2360 11768   214  1974    19]
 [ 2840 28342  3041  4178  1986   949    30]
 [ 2696  6344 17479 12398   312  6370   154]
 [ 4945  2587  9005 20408     3 10333   118]
 [ 4158  9740   945  1910 30283   129     0]
 [ 2781  2188 10961 17671    38  6164  3441]
 [ 3334  1524  5552  4224    34  4869 21465]]

score means
[ 0.45859873  0.47675159  0.43407643  0.46592357  0.46942675  0.54266539
  0.48630573  0.51878981  0.40764331  0.53499521  0.38407643  0.5066879
  0.49458599  0.53248408  0.39713376  0.50923567  0.55254777  0.47929936
  0.38598726  0.46528662  0.49267516  0.56592357  0.39629275  0.41369427
  0.39661234  0.52738854  0.48694268  0.52006369  0.45732484  0.45254777
  0.5066879   0.46464968  0.50700637  0.45127389  0.47802548  0.52261146
  0.52006369  0.51847134  0.4343949   0.5156051   0.47643312  0.49713376
  0.46783439  0.50636943  0.37839565  0.4866242   0.49824225  0.33949045
  0.43089172  0.51974522  0.39076433  0.40509554  0.49617834  0.43975711
  0.48152866  0.54394904  0.49968153  0.36719745  0.45318471  0.56273885
  0.42547771  0.47229299  0.48386066  0.38152866  0.52579618  0.3455414
  0.53694268  0.43375796  0.55159236  0.46242038  0.5493768   0.43112816
  0.50382166  0.47547771  0.45127389  0.47261146  0.43535032  0.56369427
  0.48769575  0.57165605  0.49153084  0.40636943  0.48503185  0.48980892
  0.46783439  0.51496815  0.48089172  0.44904459  0.47993631  0.50878875
  0.54681529  0.51974522  0.31592357  0.52961783  0.35286624  0.52412911
  0.43630573  0.32547771  0.56401274  0.43624161]
average score
0.47258629565620985
score std
0.057503632402935705

execution times
[  952.21381521   941.66171908   929.01038384   926.5370841    942.06660414
   943.26414895   940.37810683   935.77558494   962.91215491   977.99996209
   958.06858182   940.19759011   953.29784107   947.15843987   925.45835686
   955.52305818   949.39586496   944.56412005   933.81181502   931.50876999
   942.557482     945.27684188   922.45871425   929.19894814   937.98442388
   947.38783479   932.01853681   954.05275083   944.57742095   938.20515394
   971.05733204  1008.51779222   999.62951708   966.02570605  1026.409724
  1011.16174531   998.04222417   987.8924129    982.71068406   975.43223095
   994.46489978   985.03332496   979.84781313   975.9903779    960.43449903
   967.02911401   943.402529     944.56608677   950.09712982   947.90614772
   954.52803779   939.74248004   947.43969107   952.99364996   954.60102916
   962.4603219    952.40894413   938.36501598   955.82020807   961.37098408
   951.02286887   951.91257715   949.14520788   934.13214588   944.93784404
   948.48763895   954.34045482   962.33559704   962.51119995   952.88607383
   961.38306117   950.64042687   952.84352803   962.02364683   943.38333726
   947.86605692   965.94378328   969.46411085   950.4330492    980.61760092
  1011.48288774  1002.01321983  1013.11762214  1048.19848394  1000.21954012
  1066.07981014  1028.87506104   989.91908503   995.61698008  1019.74970484
  1004.58435106   958.582793     940.82028079   965.74039292   939.06611609
   965.39167309   971.04728699   939.70540595   973.42619896   947.38408494]
average time
962.5723495101929
time std
27.517884854010514

                      precision    recall  f1-score   support

       AddToPlaylist       0.54      0.50      0.52     47906
      BookRestaurant       0.49      0.69      0.57     41366
          GetWeather       0.35      0.38      0.37     45753
           PlayMusic       0.28      0.43      0.34     47399
            RateBook       0.92      0.64      0.76     47165
  SearchCreativeWork       0.20      0.14      0.17     43244
SearchScreeningEvent       0.85      0.52      0.65     41002

         avg / total       0.52      0.47      0.48    313835
