EXTRACTED INFO

confusion_matrix
[[38258    19   213   448    24   251    58]
 [   16 47545   471     9   230   696   229]
 [   80   458 43260    57   163   270   210]
 [  716    49   219 43022    75  1040   134]
 [   23   280   189     4 42303   131    14]
 [  236   683  1101  2442    92 42768  1363]
 [   38   228   864    85    52  2764 39889]]

score means
[ 0.94235669  0.94968153  0.90667945  0.94681529  0.9477707   0.93726115
  0.9366242   0.95923567  0.95509554  0.93726115  0.93248408  0.95605096
  0.96019108  0.94840764  0.93991691  0.95828025  0.95191083  0.95127389
  0.95477707  0.94044586  0.93895813  0.94522293  0.95414013  0.94522293
  0.95014382  0.94534995  0.94458599  0.94872611  0.95461809  0.93152866
  0.94012739  0.94936306  0.93980892  0.95031847  0.95191083  0.94140127
  0.92834395  0.9343949   0.95828025  0.94886545  0.9455414   0.93598726
  0.9455414   0.93821656  0.93799936  0.93757962  0.95350318  0.93789809
  0.96464968  0.95063694  0.96305732  0.94713376  0.93959732  0.95159236
  0.9455414   0.94426752  0.94694791  0.95        0.943752    0.94458599
  0.94904459  0.94968153  0.95717482  0.93384468  0.94267516  0.9522293
  0.96242038  0.94598913  0.93407643  0.95350318  0.94681529  0.96019108
  0.95877277  0.93917197  0.95764331  0.93503185  0.94617834  0.93471338
  0.94904459  0.950783    0.95414013  0.95541401  0.9589172   0.94713376
  0.93821656  0.92261146  0.95110259  0.93384468  0.95        0.95350318
  0.95955414  0.94363057  0.95813359  0.93598726  0.94918504  0.95127389
  0.96496815  0.96305732  0.93736018  0.94490446]
average score
0.9466978318707469
score std
0.009625906679840826

execution times
[  77.04205918   47.15268898   69.49484587   72.19416904   75.84530115
   54.16529417   79.32374787   65.4453392    86.07174087   71.14302802
   61.00280499   77.07482529   73.65807581   54.35263515   58.54777026
   72.08941913   68.34136701   79.15661097   81.04527092   62.27325392
   74.09028912   58.73178792   79.92685103   88.03586507   84.03942513
   47.17785501   73.18616414   71.05335593  109.45204115   60.93927717
   83.99082184   87.72274113  104.89573097   81.13444376   49.49909878
   69.06969285   73.55116105   64.65490007   77.55301809   77.05507207
   91.1436801    69.23482394   63.74564505   65.59123206   46.19452405
   33.47826576   53.03687501   84.57848096   46.3805089    81.12969398
   61.92817187   51.25444293   67.93477225   64.62814808   62.73964095
   56.00238013   85.9824748    74.97797394   77.38528895   59.27879119
   63.99313688   51.29497814   83.6354301    44.25900602   91.98861718
   68.19466877   64.93384814   64.78321099   58.56206608   79.57699418
   59.54917693   86.32735205   80.64849997   79.30509901   82.18984103
   77.60207701   69.47962594   47.93493104   82.03730893   71.78657079
   74.21673608   74.06023312   90.1020329    57.46223998   50.25392008
   63.75632501   96.87879395   37.81265116   72.34435892   79.68523812
   58.35102487   77.81673622   47.7256       51.35426307  104.41552711
   45.68478107   70.66714978   71.38276124   56.25961018   77.17582798]
average time
69.6329390501976
time std
14.648008242721811

                      precision    recall  f1-score   support

       AddToPlaylist       0.97      0.97      0.97     39271
      BookRestaurant       0.97      0.97      0.97     49196
          GetWeather       0.93      0.97      0.95     44498
           PlayMusic       0.93      0.95      0.94     45255
            RateBook       0.99      0.99      0.99     42944
  SearchCreativeWork       0.89      0.88      0.89     48685
SearchScreeningEvent       0.95      0.91      0.93     43920

         avg / total       0.95      0.95      0.95    313769
