EXTRACTED INFO

confusion_matrix
[[42435    31   210   678    20   266    45]
 [   33 41733   508     5   272   778   217]
 [   28   453 46656    53   227   491   357]
 [  876    28   224 46029    48  1342   141]
 [   41   317   333    11 44226    46    33]
 [  153   721  1304  2161    67 39924  1493]
 [   23   133   845    87    54  2160 35453]]

score means
[ 0.94055609  0.93853503  0.95717482  0.96401274  0.94585987  0.89267516
  0.92643312  0.94808917  0.95557686  0.93757962  0.93384468  0.93057325
  0.94140127  0.94522293  0.9477707   0.94968153  0.943752    0.9544586
  0.95286624  0.94458599  0.94854586  0.94713376  0.93312102  0.95461809
  0.95        0.95095541  0.94840764  0.95191083  0.95110259  0.94904459
  0.94426752  0.94681529  0.95254777  0.94840764  0.9433121   0.96146497
  0.93694268  0.95063694  0.94585987  0.93821656  0.94872611  0.93566879
  0.93152866  0.93343949  0.94235669  0.93917197  0.95333973  0.94140127
  0.94458599  0.94458599  0.94119527  0.9343949   0.93694268  0.94713376
  0.95477707  0.94076433  0.91369427  0.94394904  0.94151486  0.94918504
  0.95365932  0.95254777  0.94087568  0.94490446  0.93799936  0.94585987
  0.96369427  0.9402365   0.96464968  0.93598726  0.93980892  0.94151486
  0.94458599  0.93757962  0.94012739  0.95382166  0.95589645  0.94407159
  0.94458599  0.9388535   0.92898089  0.94394904  0.95031847  0.93089172
  0.9544586   0.95286624  0.94299363  0.95286624  0.95333973  0.94840764
  0.95095541  0.95031847  0.9343949   0.94267516  0.96624204  0.95254777
  0.93248408  0.94522293  0.96037073  0.94458599]
average score
0.9448244651941059
score std
0.010192613919724428

execution times
[ 145.19127202   83.57977819  125.26490188  116.31503201  185.357862
  136.72793388  143.91429996   96.74648333  165.2823081   117.5527916
   88.55835915  102.76904988  110.68981481   97.26810098  123.50362206
  135.31642437  144.38286901  128.28969693  122.86868882   97.13536286
  120.8488338   137.89015222  119.38533187   98.09582901  138.18133307
   81.30455518  101.48876786  104.95785713  115.00324392  126.06325006
  176.1866188    85.60883403  150.70075536  131.40581584  171.27015018
  195.69510198  143.00127912  136.08337522  129.94333792  107.59972596
  203.45514011  113.88107324   90.95299935  120.08076191  138.18544912
  120.7467773   125.47943115  106.57231522  153.46114492  122.29534101
  126.01824284   93.22620273   75.04056501  114.51183319  167.86634207
  124.4113853   140.04361868  147.31819797  128.64355016  140.82722616
  206.19843102   88.75521588  145.57134414   91.69272709   64.40474796
  111.39527869  146.3867178   152.17414784  164.06969714  166.98929405
  145.1878469    88.5941999    93.85919189  142.50454283  165.91090894
  175.95944691  175.11744308  102.06163907   84.01098609   87.2445457
   78.08055592   89.72155404  119.14153218   76.74316001   97.06968713
  110.34163809  146.56568718  109.56265402  138.90797901  146.59843111
  126.4537673   140.93583488  119.83716488  137.00807095  157.99052215
  112.99959993  118.97317624  150.17891669  134.64174581  108.95771408]
average time
126.0924414229393
time std
29.484896032408397

                      precision    recall  f1-score   support

       AddToPlaylist       0.97      0.97      0.97     43685
      BookRestaurant       0.96      0.96      0.96     43546
          GetWeather       0.93      0.97      0.95     48265
           PlayMusic       0.94      0.95      0.94     48688
            RateBook       0.98      0.98      0.98     45007
  SearchCreativeWork       0.89      0.87      0.88     45823
SearchScreeningEvent       0.94      0.91      0.93     38755

         avg / total       0.94      0.94      0.94    313769
