EXTRACTED INFO

confusion_matrix
[[45530    53   149   673    26   277    68]
 [   31 44880   660     9   357   690   245]
 [   12   491 43672    20   152   301   233]
 [  609    44    60 43268    52   934   151]
 [   30   287   183    17 45051    80    53]
 [  127   464   870  2031    77 37566  1110]
 [   54   125   679    76    73  2190 39089]]

score means
[ 0.94872611  0.93917197  0.94407159  0.94617834  0.95254777  0.95
  0.95477707  0.96050955  0.94585987  0.95191083  0.95159236  0.93991691
  0.93343949  0.95541401  0.94840764  0.95        0.96910828  0.95350318
  0.95477707  0.94745223  0.93057325  0.95987261  0.93000959  0.95859873
  0.94904459  0.95605096  0.94522293  0.93917197  0.9433121   0.95859873
  0.95796178  0.95573248  0.95286624  0.9522293   0.95414013  0.95859873
  0.96388623  0.94471077  0.96019108  0.96433121  0.95254777  0.94840764
  0.93216561  0.9522293   0.95333973  0.93576222  0.96305732  0.95127389
  0.93949045  0.96496815  0.95382166  0.96433121  0.94585987  0.95636943
  0.9544586   0.95        0.95636943  0.96388623  0.94140127  0.96847134
  0.95923567  0.95127389  0.95477707  0.9589172   0.95127389  0.94968153
  0.95095541  0.95923567  0.96305732  0.94617834  0.97292994  0.95509554
  0.95        0.95764331  0.95573248  0.9544586   0.964845    0.94968153
  0.95796178  0.96464968  0.95254777  0.95828025  0.95764331  0.9611465
  0.9522293   0.95605096  0.95382166  0.94630872  0.9433121   0.95286624
  0.94808917  0.95318471  0.96082803  0.96178344  0.95350318  0.94140127
  0.95717482  0.93853503  0.9589172   0.96146497]
average score
0.9527735128335095
score std
0.008429100964089097

execution times
[ 55.84576797  41.19273496  41.92682171  40.42801309  31.28881502
  36.234447    39.91140294  34.00345492  47.96302795  46.63752699
  49.32814574  42.78344107  42.54639101  35.07951689  39.15554309
  45.23733926  44.53505468  52.9393568   52.19864678  30.20668793
  46.72958279  36.85950899  34.83608508  43.19689918  37.47586608
  41.87726903  37.95697784  39.71569514  55.70115924  53.33895397
  42.0833919   45.98676395  43.64122486  46.69239497  44.19826198
  37.26939178  53.46174216  37.6746819   29.40126395  50.01911211
  28.50575614  44.9772532   45.04683208  49.73778272  42.36950088
  51.35754132  39.02762294  50.01583695  45.03777909  51.05610585
  45.87732887  39.45968795  42.96204519  34.25819707  44.26954794
  28.48669791  55.41306973  63.56233501  40.88265705  43.29246306
  30.89317679  34.69459414  39.95610905  31.52128005  53.5396862
  39.61830401  32.6333189   42.15268993  37.21033382  32.82651806
  39.31633711  42.79826212  46.21718311  44.06862307  62.82525182
  41.47621512  46.73741412  32.20749974  44.91647434  45.79970312
  33.36842823  40.80998516  45.76652002  44.44717908  36.89461589
  32.77769542  43.53990197  41.98506689  40.76951909  44.14175582
  52.58430481  46.21749783  38.19713211  50.75554109  47.39469886
  25.34367514  65.52244806  37.47497797  47.47328305  52.55748391]
average time
42.825850887298586
time std
7.686994870962072

                      precision    recall  f1-score   support

       AddToPlaylist       0.98      0.97      0.98     46776
      BookRestaurant       0.97      0.96      0.96     46872
          GetWeather       0.94      0.97      0.96     44881
           PlayMusic       0.94      0.96      0.95     45118
            RateBook       0.98      0.99      0.98     45701
  SearchCreativeWork       0.89      0.89      0.89     42245
SearchScreeningEvent       0.95      0.92      0.94     42286

         avg / total       0.95      0.95      0.95    313879
