EXTRACTED INFO

confusion_matrix
[[40074    31   178   660    20   250    50]
 [   50 43953   491    32   258   651   218]
 [   46   514 46443    73   271   382   361]
 [  863    36   203 43660    74  1141    92]
 [   42   283   279     2 43878    91    14]
 [  173   553  1277  2422    88 38673  1407]
 [   44   195   961    92    61  2860 39343]]

score means
[ 0.93448386  0.94458599  0.94713376  0.93821656  0.9477707   0.9433121
  0.93853503  0.92649409  0.94745223  0.94649682  0.93949045  0.95653563
  0.93471338  0.92611465  0.91942675  0.95254777  0.94426752  0.9455414
  0.95046341  0.94936306  0.96019108  0.95095541  0.92420382  0.9455414
  0.94119527  0.94649682  0.93343949  0.95414013  0.95414013  0.95700637
  0.95318471  0.94585987  0.92707006  0.95987261  0.93248408  0.95191083
  0.96037073  0.9343949   0.94044586  0.94886545  0.94968153  0.94745223
  0.95509554  0.92038217  0.9544586   0.94267516  0.93448386  0.96528662
  0.93789809  0.94617834  0.9522293   0.92738854  0.93980892  0.9477707
  0.92809204  0.9433121   0.93566879  0.93789809  0.94394904  0.93280255
  0.95        0.96242038  0.93694268  0.95063694  0.94458599  0.92898089
  0.95095541  0.95254777  0.9656051   0.9477707   0.92074145  0.95095541
  0.94904459  0.94426752  0.95191083  0.94171975  0.95365932  0.91305732
  0.94439118  0.9455414   0.9522293   0.95206136  0.95350318  0.93503185
  0.9388535   0.93767977  0.95636943  0.91719745  0.91496815  0.94394904
  0.92834395  0.94044586  0.93448386  0.95382166  0.94617834  0.94745223
  0.9522293   0.93448386  0.94854586  0.94044586]
average score
0.9433123482197563
score std
0.011075370952362296

execution times
[ 150.52615428  139.57910585  135.89737701  131.84046197  141.0775907
  120.33794498   90.89475513  148.19589925  109.52594304  144.49670887
  101.27109098  113.16561413  133.97546911   73.7179451   100.42309189
  133.00373673  132.67925715  132.81901217  141.81835794  115.22950888
  154.77021313  127.44277191  114.88211489  131.50400615  132.95852709
  157.99812603   90.30567694  126.08853889  141.05226398  138.83180594
  118.19054174  125.31205392  147.20045424  143.66375685  163.12618327
  135.40993619  118.30345011  116.51844788   99.5187161   118.96899581
   88.78629112   84.63017797   93.93718195  149.11248612  124.49867702
  136.77388597  145.58193874  108.25341535   91.80535102   73.96032
   85.25039411   96.06950283  110.34496832   92.64595079   84.76399899
   64.15198684  110.78453088  101.62646794  114.93656588  110.52711296
  114.24983096  116.13896298   76.01980591  105.49863386  149.563133
  179.63240314  134.66688991  105.12387681  153.24467373  124.94004917
   77.22570109  101.54669285  161.53556085  154.88104606  170.6871438
  122.37423205  121.66645503  131.31820488  144.58154702  122.38416934
  103.477844     88.07700109  129.97555017   64.0095911   140.55935383
  127.58783984  123.24076509   71.80294204   85.41741991  163.87782812
  139.92273688   93.31582403   94.0116601   120.83098793  130.95200992
  103.5866909   132.79632497  132.08046198  139.85388517  148.79366112]
average time
120.62412201642991
time std
25.151130678446812

                      precision    recall  f1-score   support

       AddToPlaylist       0.97      0.97      0.97     41263
      BookRestaurant       0.96      0.96      0.96     45653
          GetWeather       0.93      0.97      0.95     48090
           PlayMusic       0.93      0.95      0.94     46069
            RateBook       0.98      0.98      0.98     44589
  SearchCreativeWork       0.88      0.87      0.87     44593
SearchScreeningEvent       0.95      0.90      0.93     43556

         avg / total       0.94      0.94      0.94    313813
