EXTRACTED INFO

confusion_matrix
[[44981    36   242   484    20   257    56]
 [   47 42675   566     7   177   556   208]
 [   35   575 47432    33   114   353   234]
 [  623    16   135 42407    44  1146   130]
 [   38   363   120    19 44933    66    43]
 [  104   419   871  1873    82 37290  1280]
 [    4   179   634   124   108  2090 39573]]

score means
[ 0.96196868  0.95525727  0.9542985   0.95397891  0.95509554  0.95573248
  0.94522293  0.95414013  0.95764331  0.95477707  0.96751592  0.95318471
  0.93959732  0.9566879   0.94713376  0.96963886  0.94585987  0.95382166
  0.96388623  0.9589172   0.95955414  0.96388623  0.95318471  0.94808917
  0.96528662  0.96146497  0.95382166  0.9522293   0.95477707  0.95955414
  0.93821656  0.9477707   0.94140127  0.95        0.96019108  0.95653563
  0.94267516  0.95127389  0.95095541  0.94534995  0.96624204  0.96178344
  0.93980892  0.95796178  0.9656051   0.95365932  0.94968153  0.96050955
  0.9566879   0.95636943  0.94490446  0.96242038  0.94171975  0.96146497
  0.94076433  0.93057325  0.95764331  0.95031847  0.95605096  0.96528662
  0.95191083  0.96496815  0.9542985   0.96019108  0.95031847  0.95191083
  0.96050955  0.9133758   0.95573248  0.95636943  0.95286624  0.94203822
  0.96305732  0.95191083  0.95955414  0.92229299  0.94585987  0.96050955
  0.9611465   0.94758709  0.95636943  0.95525727  0.94950463  0.95955414
  0.96433121  0.95414013  0.96196868  0.96719745  0.95923567  0.95605096
  0.9589172   0.94247363  0.95414013  0.94790668  0.95159236  0.96082803
  0.9566879   0.95605096  0.93694268  0.96019108]
average score
0.9537577948633391
score std
0.009160767585545045

execution times
[ 33.87094903  45.85425019  30.80745435  30.68543315  40.70197797
  29.84765315  29.28536701  36.00066805  39.65634012  21.2746141
  46.66282797  40.99004626  30.96958637  28.70800376  49.07704306
  35.71139598  33.61087489  27.11214113  43.98983979  35.77638793
  32.51403379  38.06544185  28.25000215  45.47354293  47.23524213
  53.17933321  37.47752714  29.9753449   28.35050392  33.54068494
  53.19114304  22.67428303  36.10418701  38.28735471  42.08551717
  41.96095777  34.01694894  26.49314404  26.17601514  53.09539604
  29.53759193  40.26124072  26.40166688  39.33385491  30.05959773
  41.42330503  35.89776492  39.21933293  34.6020081   37.6060462
  39.96245718  40.936867    32.31294894  38.43017912  40.09753489
  28.92778397  38.61193895  39.51130199  36.58647513  44.31762695
  33.99047589  47.71585989  45.22415686  39.36916184  27.7275629
  35.5881958   46.16276383  30.71715403  37.11104202  40.07589722
  34.08733416  26.76558423  25.66231298  34.4449122   42.07783699
  30.05061984  43.16481495  38.99579191  43.97591901  29.99870324
  38.2911799   39.52089906  43.34732485  28.9358449   48.37012672
  43.14389396  44.34858108  39.30948186  46.845649    25.37396312
  40.01464176  35.16115189  33.51219916  50.92252207  29.65384293
  34.33559871  47.84019017  47.07887197  25.01361609  35.81031394]
average time
37.02512974500656
time std
7.280986738990568

                      precision    recall  f1-score   support

       AddToPlaylist       0.98      0.98      0.98     46076
      BookRestaurant       0.96      0.96      0.96     44236
          GetWeather       0.95      0.97      0.96     48776
           PlayMusic       0.94      0.95      0.95     44501
            RateBook       0.99      0.99      0.99     45582
  SearchCreativeWork       0.89      0.89      0.89     41919
SearchScreeningEvent       0.95      0.93      0.94     42712

         avg / total       0.95      0.95      0.95    313802
