EXTRACTED INFO

confusion_matrix
[[41886    32   181   580    41   176    27]
 [   38 44271   456    22   289   659   201]
 [    3   462 42870    21   231   579   392]
 [  766    49   162 41978    73  1247    57]
 [   23   352   400     1 45424    55     6]
 [   80   559  1427  2170    51 37612  1287]
 [   17   225  1153    74    80  2761 42285]]

score means
[ 0.94076433  0.94872611  0.94936306  0.93280255  0.94458599  0.94662832
  0.93471338  0.95636943  0.93959732  0.94790668  0.95541401  0.93726115
  0.94681529  0.94012739  0.93949045  0.94235669  0.93767977  0.92745286
  0.96433121  0.94649682  0.94790668  0.93694268  0.95095541  0.95063694
  0.94044586  0.94171975  0.94299363  0.94854586  0.94044586  0.94183445
  0.9522293   0.95159236  0.95557686  0.94394904  0.94267516  0.94617834
  0.9544586   0.93216561  0.95573248  0.93598726  0.95605096  0.94503036
  0.94311282  0.95318471  0.93375796  0.96464968  0.94585987  0.94343241
  0.92101911  0.94904459  0.95414013  0.93248408  0.91050955  0.94171975
  0.95159236  0.94235669  0.9433121   0.95063694  0.94662832  0.94363057
  0.95159236  0.93152866  0.93416427  0.94299363  0.94649682  0.92611465
  0.95        0.95955414  0.93949045  0.95477707  0.94904459  0.94968153
  0.94681529  0.95031847  0.96210191  0.94119527  0.93503185  0.9611465
  0.94247363  0.93895813  0.94522293  0.92420382  0.94203822  0.93949045
  0.93694268  0.93799936  0.94044586  0.96178344  0.94299363  0.93025478
  0.95573248  0.93280255  0.9566879   0.94713376  0.92229299  0.9566879
  0.93980892  0.95365932  0.94394904  0.94649682]
average score
0.9443411388836301
score std
0.00961109036237722

execution times
[  70.77610111   66.60027289   61.37420917   59.89849186   50.72681499
   52.69479513   71.39184809   65.33306813   53.38104606   85.22792196
   65.42045116   80.86302185   64.47003007   72.71952319   51.03195405
   42.46384597   70.10004616   55.6518991    58.523772     68.26712608
   60.06029201  103.56549406   57.92365599   96.62139416   68.4997139
   46.6640687    43.69797182   60.55822897   47.11459875   40.00992203
   56.04419208   44.6277771    48.86376691   40.78297806   50.67498183
   50.67466402   50.63043594   70.09806299   61.21330595   49.79923892
   48.15934896   51.56243587   48.08936214   68.398422     64.95192695
   64.71641994   53.27199602   49.11682272   53.39897704   53.47943377
   54.24702001   40.91417789   33.10823131   63.26226997   47.20379496
   63.0344069    55.19063997   40.34187603   68.19389105   49.18470025
   62.76589894   37.84666395   37.56509185   65.21190524   39.39986396
   47.16566205   46.2250669    56.89351177   55.33574677   50.77552605
   69.3282299    55.24638391   45.27631783   48.915416     38.60241818
   55.15826488   48.03102994   55.18508816   42.80888796   43.6368072
   77.08497      33.23099613   46.58885813   62.38192797   59.36144924
   48.37266421   56.77038598   45.455935     54.49827981   50.42957711
   53.73162222   46.66377497   64.26569009   60.75781226   52.50389194
   52.004179     63.30124998   63.26207805   33.03176188   38.45863986]
average time
55.4839666223526
time std
12.373541091870218

                      precision    recall  f1-score   support

       AddToPlaylist       0.98      0.98      0.98     42923
      BookRestaurant       0.96      0.96      0.96     45936
          GetWeather       0.92      0.96      0.94     44558
           PlayMusic       0.94      0.95      0.94     44332
            RateBook       0.98      0.98      0.98     46261
  SearchCreativeWork       0.87      0.87      0.87     43186
SearchScreeningEvent       0.96      0.91      0.93     46595

         avg / total       0.94      0.94      0.94    313791
