EXTRACTED INFO

confusion_matrix
[[44140    28   165   512    19   202    37]
 [   22 41187   460     4   456   821    80]
 [    1   505 45222    19   276   902   205]
 [  704    48   152 46926    69  1435   151]
 [   22   506   294     9 42965    52    51]
 [   75   691  1403  2223   139 40364  1207]
 [    2   167   599    84    65  2342 35750]]

score means
[ 0.93799936  0.95        0.94394904  0.95653563  0.96082803  0.95191083
  0.96210191  0.95159236  0.94649682  0.95382166  0.9544586   0.94808917
  0.92649409  0.95397891  0.9410828   0.94215404  0.96260786  0.93980892
  0.95382166  0.96050955  0.93384468  0.94808917  0.93566879  0.95955414
  0.94745223  0.94904459  0.94458599  0.9455414   0.93949045  0.95318471
  0.9388535   0.93630573  0.95605096  0.93448386  0.9544586   0.93980892
  0.92738854  0.94426752  0.94585987  0.93535032  0.95541401  0.95127389
  0.94713376  0.95254777  0.95063694  0.93384468  0.95382166  0.94311282
  0.93192713  0.92937041  0.94171975  0.96019108  0.93343949  0.94968153
  0.95923567  0.95605096  0.9566879   0.94426752  0.92834395  0.94745223
  0.95509554  0.92643312  0.95063694  0.93598726  0.94119527  0.9433121
  0.93160754  0.95238095  0.93991691  0.95732484  0.95955414  0.93949045
  0.9366242   0.94458599  0.94055609  0.9410828   0.94713376  0.93566879
  0.94585987  0.9477707   0.9343949   0.94808917  0.95923567  0.93535032
  0.96644295  0.93863854  0.9544586   0.94140127  0.95031847  0.9589172
  0.93384468  0.93789809  0.93407643  0.93352509  0.91464968  0.94840764
  0.95063694  0.93025478  0.94745223  0.93256632]
average score
0.9451645455600272
score std
0.009996199729736654

execution times
[ 44.4688828   32.77718234  46.91311097  46.35521007  36.81986094
  35.71474624  46.40477896  37.71219683  27.62565565  29.84313607
  32.64195514  27.91322112  38.68387818  41.21487689  39.220294
  44.89425302  38.87649703  34.66463494  30.70929217  45.82222795
  30.08293509  35.169209    29.29038477  46.10059094  37.56021523
  26.16328502  34.42626405  31.30288291  33.30568814  37.80815005
  35.85834765  29.51742506  30.28084302  26.23267674  38.00670671
  37.40507889  39.43262005  38.09493089  36.7031951   41.71820807
  50.11650896  37.41487575  45.67658591  27.57051802  33.53983116
  41.89400911  43.33972716  29.47247171  23.17556024  36.43864703
  28.17661905  40.94509816  46.30598617  38.0592823   55.84870076
  29.51546478  47.31918478  29.80494785  25.45253301  39.58325791
  22.25299883  29.90253782  50.08147907  25.70928431  31.08069491
  36.28977108  31.8559773   36.3781271   42.57138872  39.53557301
  41.91052318  26.90597606  37.58979297  24.08815575  33.56738377
  25.43142509  28.53920937  24.91771579  27.08172488  27.55552602
  41.08942008  41.13136411  37.44339609  26.12096906  39.78631186
  45.35912204  30.01026797  39.11925411  30.98821592  28.86489606
  33.46448469  40.48542809  23.90335202  27.82145405  32.90145206
  31.87695169  29.88129997  24.68760133  23.40879178  33.64906287]
average time
35.08623699426651
time std
7.225704753084065

                      precision    recall  f1-score   support

       AddToPlaylist       0.98      0.98      0.98     45103
      BookRestaurant       0.95      0.96      0.96     43030
          GetWeather       0.94      0.96      0.95     47130
           PlayMusic       0.94      0.95      0.95     49485
            RateBook       0.98      0.98      0.98     43899
  SearchCreativeWork       0.88      0.88      0.88     46102
SearchScreeningEvent       0.95      0.92      0.93     39009

         avg / total       0.95      0.95      0.95    313758
