EXTRACTED INFO

confusion_matrix
[[40000    29   187   732    32   138    42]
 [   22 42504   505     2   300   780   171]
 [   10   549 45819    13   316   712   416]
 [  789    45   218 45456    67  1194    58]
 [   38   488   460     1 45172    39    25]
 [   60   731  1485  2416    53 38736  2101]
 [   17   224   933   101    47  3561 36085]]

score means
[ 0.93152866  0.92770701  0.94012739  0.92420382  0.89872611  0.93152866
  0.94808917  0.94490446  0.91942675  0.93821656  0.95573248  0.90350318
  0.92133758  0.93224672  0.92898089  0.94840764  0.91305732  0.93821656
  0.95382166  0.94490446  0.94299363  0.94617834  0.9343949   0.92961783
  0.94140127  0.92643312  0.92292994  0.94044586  0.92809204  0.95031847
  0.93375796  0.93789809  0.93471338  0.9522293   0.93152866  0.93312102
  0.94694791  0.94394904  0.92324841  0.9111465   0.9410828   0.94267516
  0.94140127  0.91050955  0.93375796  0.94522293  0.94299363  0.94968153
  0.94904459  0.9343949   0.93566879  0.94076433  0.94662832  0.92006369
  0.92611465  0.94235669  0.94649682  0.93694268  0.9433121   0.94522293
  0.95509554  0.95063694  0.92611465  0.92834395  0.94936306  0.93789809
  0.96210191  0.95909236  0.92484076  0.93980892  0.92834395  0.94044586
  0.93853503  0.93152866  0.94872611  0.93503185  0.93853503  0.93959732
  0.92101911  0.92834395  0.92643312  0.94012739  0.9522293   0.94151486
  0.94171975  0.93576222  0.94247363  0.92770701  0.93025478  0.92070064
  0.93471338  0.92420382  0.94171975  0.93025478  0.93096836  0.93598726
  0.92802548  0.94872611  0.89968153  0.9472675 ]
average score
0.9359422181645712
score std
0.012078042301339973

execution times
[  96.00922799  126.4300282    94.8515029   102.19365287  127.12705779
  100.5485549   117.68826914  123.04879189  128.91262913  111.41751504
   88.58700204  117.80173922   75.34965205  110.62409973   98.02287221
  118.02186227   73.53710914  143.40958595  116.88949418   94.40661407
  107.42687726  119.41783905  107.4792521    68.11711097  117.27705097
   96.08412313   75.05058408   93.02577114   83.36158991  124.28020191
  108.58186412   72.61887312   83.89365625   87.61357307   97.65961289
  125.81046462  119.92144012  128.93755221  100.66388464   96.08860517
   88.36627197  113.38806701  126.44242811   84.46479392  110.99360514
   71.8661902   103.22655988  113.81585908  106.82275677  129.84294724
   79.5329051   109.49251509  104.03480792  112.66530704  109.53962517
  113.70576     123.28234506   92.4247191   121.36761975  133.92618608
  112.93453312   97.98845434  127.27128506  104.45678902  108.25604415
  105.89731288  189.58435416  105.16414404  136.70555925   89.15659213
   99.77375698  118.6386981    95.90957785  120.32556009  126.29827118
   97.76919913  131.65196419  105.13676596   77.58734512  111.23122406
   91.61001801   95.9215591   157.74664378   82.93360686  112.34297013
   85.02888703  116.71539378   82.57332873   71.82072496   86.38107419
   99.16662502  117.42822599  108.32663798  112.3187871   134.32313895
  100.53651094  114.87649798  110.0976541   120.68068409   98.63754916]
average time
106.88592405796051
time std
19.425209801622216

                      precision    recall  f1-score   support

       AddToPlaylist       0.98      0.97      0.97     41160
      BookRestaurant       0.95      0.96      0.96     44284
          GetWeather       0.92      0.96      0.94     47835
           PlayMusic       0.93      0.95      0.94     47827
            RateBook       0.98      0.98      0.98     46223
  SearchCreativeWork       0.86      0.85      0.85     45582
SearchScreeningEvent       0.93      0.88      0.90     40968

         avg / total       0.94      0.94      0.94    313879
