EXTRACTED INFO

confusion_matrix
[[43789    56   203   452    33   278    63]
 [   53 47997   623    21   279   623   218]
 [   33   475 44372    87   161   363   284]
 [  711    39   203 43438    80  1070   159]
 [   25   293   147     7 43794    52    50]
 [  130   528   942  1911    75 36547  1054]
 [   19   164   727   135    61  2034 38922]]

score means
[ 0.94394904  0.93535032  0.9544586   0.93503185  0.94585987  0.95859873
  0.95414013  0.95254777  0.95365932  0.9455414   0.95828025  0.95541401
  0.96305732  0.93767977  0.95764331  0.94982422  0.9589172   0.96210191
  0.95700637  0.94267516  0.96210191  0.94235669  0.96676254  0.96292745
  0.95095541  0.9522293   0.94490446  0.95159236  0.9542985   0.93248408
  0.96433121  0.96496815  0.96899968  0.9542985   0.95573248  0.9544586
  0.94681529  0.9522293   0.94426752  0.95987261  0.95110259  0.95828025
  0.95828025  0.95159236  0.93980892  0.95828025  0.95254777  0.94649682
  0.94044586  0.95573248  0.95987261  0.96624204  0.96019108  0.97101911
  0.94745223  0.95732484  0.96178344  0.94745223  0.93025478  0.95350318
  0.9544586   0.94822627  0.95382166  0.95636943  0.95302013  0.96019108
  0.95159236  0.94840764  0.96528662  0.93767977  0.94566954  0.93980892
  0.93789809  0.95923567  0.95254777  0.94522293  0.9633758   0.93407643
  0.95382166  0.95206136  0.94790668  0.936721    0.95987261  0.96644295
  0.94713376  0.95987261  0.93312102  0.94617834  0.9633758   0.96369427
  0.95254777  0.95764331  0.94235669  0.96580377  0.95923567  0.94968153
  0.95525727  0.94758709  0.94904459  0.95254777]
average score
0.9524478191481783
score std
0.008987784297595456

execution times
[  65.54560494   51.61760116   89.88296008   71.00408411   86.74903202
   76.15208602   62.40146899   71.53880715   83.04039073   88.09698319
   80.45342231   70.61039591   57.63712573   84.55919003  101.02266502
   91.357306     81.41709185   85.5061388    60.66555595   67.89923501
   98.16164398  115.12226295   86.43492675   94.98954201   65.16071701
   82.96282005   84.70608473   74.83834505   84.91385484   92.12592101
   86.55871511   94.48051596   85.95627809   74.74954486   66.78840995
  107.46459293   67.79169488   68.82059002   75.60984874   61.38326597
   79.32183909   79.54846501   68.62151599   75.52356982   69.78002405
   70.36173701   74.07204008   79.41145205   55.9543891    83.07021093
   73.44580507   93.0867691    85.37126303   94.50451303   89.03795671
   64.61953783   72.55279112   61.43121481   55.37773085   60.56655169
   74.34396815   97.56267285  116.26342392   58.53495193  124.23966575
   80.4387188    61.77365208   78.17246294   79.67543197   65.53158808
  113.52833796   77.95771074   82.31415796   64.2031858    73.12659693
   78.44371033   94.3838768    69.18864799   71.62343693   78.77971888
   87.86699176   49.485816     91.83805585   81.12499404   82.63440466
   98.48041892   75.02430177   60.06286693   84.55082607  110.52189898
   69.55638599   91.97223091   72.71720695   83.22645497   64.99325299
   82.59024191   69.45509195   97.93770099   48.72243214   73.41832876]
average time
78.98101915597915
time std
14.810310831465756

                      precision    recall  f1-score   support

       AddToPlaylist       0.98      0.98      0.98     44874
      BookRestaurant       0.97      0.96      0.97     49814
          GetWeather       0.94      0.97      0.95     45775
           PlayMusic       0.94      0.95      0.95     45700
            RateBook       0.98      0.99      0.99     44368
  SearchCreativeWork       0.89      0.89      0.89     41187
SearchScreeningEvent       0.96      0.93      0.94     42062

         avg / total       0.95      0.95      0.95    313780
