EXTRACTED INFO

confusion_matrix
[[40736    72   198   461     2   195   106]
 [   49 47740   572     5   298   435   228]
 [   74   464 45629    61   149   477   245]
 [  569    38   164 42999    56   787   212]
 [   18   270   135     2 45861    92    33]
 [  151   399   909  1877    57 38207  1031]
 [   39   223   605   128    46  1687 38923]]

score means
[ 0.9522293   0.96388623  0.95477707  0.97027804  0.95859873  0.95909236
  0.96228827  0.96292745  0.950783    0.95636943  0.95653563  0.96687898
  0.96878981  0.95573248  0.95796178  0.94585987  0.96369427  0.96019108
  0.95541401  0.96178344  0.95191083  0.9656051   0.96496815  0.95923567
  0.96242038  0.95477707  0.96496815  0.96656051  0.95414013  0.95732484
  0.9633758   0.96401274  0.95509554  0.96528662  0.93312102  0.95923567
  0.95923567  0.95414013  0.96242038  0.96082803  0.94649682  0.94745223
  0.95477707  0.94854586  0.95191083  0.95382166  0.96433121  0.94968153
  0.94662832  0.94872611  0.95254777  0.95095541  0.95318471  0.96464968
  0.96019108  0.94311282  0.94872611  0.94745223  0.95095541  0.96164909
  0.95191083  0.95732484  0.95095541  0.95270054  0.95732484  0.96687898
  0.95605096  0.95859873  0.9522293   0.94790668  0.96548418  0.95859873
  0.94394904  0.96464968  0.9472675   0.95541401  0.95        0.95828025
  0.9656051   0.95828025  0.96178344  0.95653563  0.95206136  0.96100991
  0.93312102  0.96401274  0.95286624  0.95700637  0.95764331  0.96164909
  0.94267516  0.95621604  0.94311282  0.96452541  0.96356663  0.95286624
  0.95700637  0.96324704  0.97027804  0.95973154]
average score
0.956588538899508
score std
0.0073282387458825414

execution times
[ 69.84615803  58.74715519  51.00285101  64.09941602  57.15614605
  48.4025538   54.25819707  41.82885385  48.47037292  51.16833806
  50.68327785  28.36009502  35.50819206  50.08204794  41.32864404
  52.77150798  53.41759014  44.82893705  57.51489997  49.29148912
  37.84861898  42.48573589  52.00825119  53.93172002  47.16461396
  36.15281391  49.87717295  45.66986084  39.25185776  54.17290401
  47.91613173  54.78756189  63.11490488  44.22808075  62.97617602
  42.37971306  40.95057678  41.11777782  59.06857276  40.28258276
  42.88575387  37.31563401  55.15022182  48.82555914  40.95606399
  33.92289996  30.40676832  40.33181286  49.60621905  40.79668713
  36.20506883  40.04141903  44.48397374  51.94884706  52.79707217
  33.965307    50.13150024  44.56862521  38.33915067  40.52299285
  69.65995479  40.70954871  41.114815    44.16237807  38.38202691
  55.51407814  44.570189    57.75626493  25.91467214  44.70469809
  61.03298211  45.56842399  53.21948814  73.08438396  58.94394398
  47.66881204  43.50017524  53.54959512  52.39917517  47.51667404
  48.94652915  53.03047109  42.74967599  63.77088594  37.74532938
  61.8247571   47.26898694  41.97627997  34.29120684  35.53102326
  43.96090484  35.3315711   36.32538414  53.39638877  50.21069813
  29.30852008  49.93956399  51.65916514  46.32497787  42.68838096]
average time
47.22606908321381
time std
9.253053148948853

                      precision    recall  f1-score   support

       AddToPlaylist       0.98      0.98      0.98     41770
      BookRestaurant       0.97      0.97      0.97     49327
          GetWeather       0.95      0.97      0.96     47099
           PlayMusic       0.94      0.96      0.95     44825
            RateBook       0.99      0.99      0.99     46411
  SearchCreativeWork       0.91      0.90      0.90     42631
SearchScreeningEvent       0.95      0.93      0.94     41651

         avg / total       0.96      0.96      0.96    313714
