EXTRACTED INFO

confusion_matrix
[[37393    52   232   575    19   177    43]
 [   84 39491   515     8   235   512   201]
 [   59   578 46507    56   215   243   287]
 [  908    44   339 49749    61  1131   202]
 [   35   272   238     1 41899    69    32]
 [  137   695  1110  2292   106 41952  1409]
 [   47   184   821   108    69  2310 40034]]

score means
[ 0.94394904  0.9455414   0.92841163  0.94872611  0.96050955  0.95350318
  0.94171975  0.93949045  0.9544586   0.92484076  0.95414013  0.94649682
  0.95127389  0.96082803  0.95382166  0.94503036  0.9472675   0.94982422
  0.96305732  0.9613295   0.96273885  0.9410828   0.94904459  0.94267516
  0.95636943  0.93064877  0.95206136  0.95541401  0.95191083  0.95461809
  0.92643312  0.94076433  0.92993631  0.95142218  0.9433121   0.95063694
  0.93471338  0.94936306  0.95350318  0.9633758   0.94872611  0.94617834
  0.94681529  0.94426752  0.94363057  0.93566879  0.95477707  0.93160754
  0.94617834  0.95700637  0.92579618  0.93248408  0.94617834  0.94968153
  0.94363057  0.93991691  0.96496815  0.94522293  0.94758709  0.94585987
  0.94936306  0.94140127  0.94630872  0.9544586   0.94044586  0.94311282
  0.95605096  0.93917197  0.94585987  0.94681529  0.96196868  0.93256632
  0.94458599  0.95127389  0.9477707   0.95254777  0.94267516  0.93480345
  0.95031847  0.95014382  0.9566879   0.9589172   0.95142218  0.94872611
  0.94936306  0.94968153  0.93280255  0.95557686  0.94617834  0.94171975
  0.95923567  0.95414013  0.9433121   0.94694791  0.9455414   0.95
  0.94918504  0.9343949   0.91978268  0.93767977]
average score
0.9467336352144414
score std
0.009201428506225445

execution times
[ 121.79990292  165.88965297  131.51031399  162.44140315  119.44869614
  164.55525589  119.43160725  153.12382889  124.84000206  138.19119525
  165.19432974  134.73718905  148.97800493  116.99591923  117.3320601
  146.4872787   132.39169693  191.57828307  151.80436873  154.48980832
  159.40002799  158.39191985  114.2188611   149.12994194  100.01853299
   96.50068688  148.98610806  120.80807114  155.08412099  120.01196504
  127.91275287  142.18037677  114.90973783  145.12383604  125.68576121
  163.61694312   86.07562494  156.83869696  136.26455307  113.64574504
  141.22097468  132.11203384  114.25927997  117.49624109  106.45255089
  107.46077228  187.61876512  156.18714499  143.56264281  130.78090024
  118.47997904   93.28444886  105.4186728   108.63022995  114.53122425
  149.22336006  116.77751088  133.62342501  118.01132536   89.69521618
  133.64031386  162.49675679  136.08701682  161.42196298  154.59620285
  104.99811316  147.72645092  129.59834599   90.95559192  130.86342025
  141.06375194  171.81273603  119.90050292   84.81959891  126.0130372
  190.18812513  109.76975393  128.29547882  110.06587696  141.69884801
  127.83903503  125.43676472   99.08109283   79.83526087  179.51792192
  160.21066308  133.20573401  124.91833091   96.83879995  158.14710784
  124.43554401  124.04890299  151.87092614  139.29191971  181.458992
  126.75151706  124.50839591  150.55917311  120.65327477  142.54892898]
average time
133.2802193069458
time std
24.10474596757045

                      precision    recall  f1-score   support

       AddToPlaylist       0.97      0.97      0.97     38491
      BookRestaurant       0.96      0.96      0.96     41046
          GetWeather       0.93      0.97      0.95     47945
           PlayMusic       0.94      0.95      0.95     52434
            RateBook       0.98      0.98      0.98     42546
  SearchCreativeWork       0.90      0.88      0.89     47701
SearchScreeningEvent       0.95      0.92      0.93     43573

         avg / total       0.95      0.95      0.95    313736
