EXTRACTED INFO

confusion_matrix
[[41730    73   209   657    18   219   102]
 [   89 43946   541    64   261   354   262]
 [   31   506 44789    86   138   235   225]
 [  733    66   247 42584    63   939   181]
 [    9   243   164     5 44255    72    51]
 [  119   374   883  1828    50 40205  1035]
 [   42   204   843   168    56  2053 41850]]

score means
[ 0.95923567  0.95859873  0.95621604  0.95477707  0.96050955  0.94968153
  0.94585987  0.9388535   0.95382166  0.94522293  0.95525727  0.95955414
  0.95541401  0.97443273  0.95605096  0.95987261  0.9544586   0.95
  0.94968153  0.93343949  0.94585987  0.95014382  0.95350318  0.9410828
  0.94904459  0.9477707   0.95286624  0.95        0.95764331  0.93535032
  0.95700637  0.9455414   0.93152866  0.94649682  0.95159236  0.95636943
  0.97475232  0.94745223  0.94745223  0.95206136  0.97038217  0.95700637
  0.95        0.95923567  0.94522293  0.94808917  0.94426752  0.964845
  0.93480345  0.9566879   0.96592357  0.9656051   0.95764331  0.95796178
  0.95636943  0.95        0.96656051  0.95254777  0.95477707  0.95333973
  0.94840764  0.95031847  0.97038217  0.96178344  0.95909236  0.95955414
  0.96050955  0.94171975  0.97292994  0.94490446  0.95636943  0.9566879
  0.95063694  0.95796178  0.94363057  0.95095541  0.95477707  0.94171975
  0.94950463  0.96433121  0.96592357  0.95159236  0.95700637  0.96676254
  0.96401274  0.94522293  0.95286624  0.94840764  0.95063694  0.95764331
  0.94713376  0.9611465   0.95636943  0.95509554  0.94808917  0.95350318
  0.95636943  0.95333973  0.95063694  0.96719745]
average score
0.9538085670723639
score std
0.00847990183828905

execution times
[  93.6214819    91.38636494   79.13210011   64.19401193   76.47283316
   89.30251598   76.62767982  104.55268002   68.42419291   83.11393714
  102.24194098   59.22769809   82.72420311   88.8487618    78.87623811
   91.21364403   77.56010771   84.29754686   70.83052516   56.49823999
   82.76956987   85.32642794  112.85364199  100.67333198   67.66342592
   76.10303783   78.09331799   79.12092423   85.65476584   76.07536411
   95.82399511   71.9139142    74.02572584   76.68111205   74.88460207
   95.35969901   65.30536819   72.24100709  103.60918093   49.08983517
  100.41826797  108.40961504   89.63129902   87.55414987   87.39760113
  101.97438788   78.00708985  115.55064964   91.45884395   72.21369505
  101.72039223   92.27483273   92.33249998   80.48194218   60.6861949
   87.59284115   83.15140581   67.87737918   53.48342514   56.07228875
  132.31563711   74.5329771    76.00944901   94.64199495   78.07768488
   65.694206     65.28042006   46.91343594   90.87916303   79.19784904
   91.45677781  118.78193688   90.71458793   59.662745     70.89032602
  138.65753603   89.43906879   79.55246902   84.75786328   82.15916896
   98.07122326   83.10593724   84.07807016   79.57649589   84.21169996
   85.46057534   90.51036692   71.16852713   52.72421098   81.22313595
   73.02934194   60.08183122  120.358567     77.73113608   62.35314488
   86.23159194   88.60662389   90.27812481  106.04977894  106.78023219]
average time
83.4194966506958
time std
16.738334267308392

                      precision    recall  f1-score   support

       AddToPlaylist       0.98      0.97      0.97     43008
      BookRestaurant       0.97      0.97      0.97     45517
          GetWeather       0.94      0.97      0.96     46010
           PlayMusic       0.94      0.95      0.94     44813
            RateBook       0.99      0.99      0.99     44799
  SearchCreativeWork       0.91      0.90      0.91     44494
SearchScreeningEvent       0.96      0.93      0.94     45216

         avg / total       0.95      0.95      0.95    313857
