EXTRACTED INFO

confusion_matrix
[[43184    32   147   548    15   298    35]
 [   24 44652   405    21   308   792   165]
 [    8   394 45447    48   328   554   389]
 [  661    46   185 41739    68   871   151]
 [   42   352   420     2 42772    64    46]
 [  133   579  1228  1951    57 39020  1323]
 [    9   168   933    93    84  2602 40453]]

score means
[ 0.95605096  0.95573248  0.96019108  0.94904459  0.94872611  0.9566879
  0.94681529  0.95        0.94649682  0.93152866  0.94745223  0.94968153
  0.94012739  0.93980892  0.95397891  0.94076433  0.93757962  0.9388535
  0.94140127  0.9544586   0.9410828   0.94617834  0.93917197  0.95046341
  0.93216561  0.93375796  0.94681529  0.9589172   0.92388535  0.92898089
  0.94840764  0.964845    0.94076433  0.94522293  0.94872611  0.95014382
  0.93407643  0.96210191  0.9343949   0.94394904  0.94299363  0.95191083
  0.94713376  0.95414013  0.94745223  0.95382166  0.93448386  0.94235669
  0.94713376  0.94585987  0.95191083  0.95318471  0.94394904  0.95461809
  0.95828025  0.96305732  0.95318471  0.92866242  0.95350318  0.95127389
  0.9522293   0.94936306  0.94936306  0.94394904  0.94076433  0.94490446
  0.94171975  0.95605096  0.943752    0.95700637  0.93544263  0.94267516
  0.94681529  0.96687898  0.95        0.95987261  0.957814    0.94458599
  0.96464968  0.94968153  0.94012739  0.96164909  0.95477707  0.93480345
  0.95286624  0.94745223  0.94055609  0.94872611  0.93949045  0.94904459
  0.95159236  0.94968153  0.94215404  0.90318471  0.93726115  0.95685523
  0.94904459  0.95764331  0.9522293   0.95254777]
average score
0.9471754686485374
score std
0.009618313184511075

execution times
[ 35.53364468  44.42506289  38.98909116  41.63836217  29.184165
  39.05167913  57.4581449   25.5079329   24.96293497  35.37019277
  43.36951923  59.77076602  24.1242969   39.17904115  35.17881107
  39.46985102  45.68143678  27.94555902  27.8883183   43.6622982
  36.01955295  44.89266682  36.25514174  31.64645886  35.84223104
  38.98926783  35.53646088  33.00240993  31.04554272  37.91750312
  18.91694522  55.66409874  26.68152213  42.36426187  44.87489676
  31.53695536  27.40642381  37.11686182  24.97213793  27.78199792
  40.07819128  44.74244189  38.280967    29.50085282  50.83421397
  39.98930097  26.6902349   51.41305804  32.971349    51.18960595
  34.55824685  46.33000422  35.1084187   35.79262114  43.59982491
  51.39681101  37.81038904  47.64587498  43.96092486  32.27406907
  46.36520791  32.61250114  45.33420014  32.959342    39.25012612
  29.12046313  49.35450125  39.27528214  34.90327382  46.18827915
  47.43032193  41.17816806  45.04419494  37.97318506  34.83777308
  38.52422476  40.62035298  34.20864391  36.98323631  37.40955925
  33.5004642   55.9650178   41.81981277  34.65461397  38.78909612
  56.45943689  20.90172386  43.83792186  20.05181193  43.87965989
  53.10920978  30.6810379   34.01644588  47.27071404  38.72362399
  44.27411985  38.61103368  45.51453304  51.20212507  38.29749918]
average time
38.72154585123062
time std
8.509114811334175

                      precision    recall  f1-score   support

       AddToPlaylist       0.98      0.98      0.98     44259
      BookRestaurant       0.97      0.96      0.96     46367
          GetWeather       0.93      0.96      0.95     47168
           PlayMusic       0.94      0.95      0.95     43721
            RateBook       0.98      0.98      0.98     43698
  SearchCreativeWork       0.88      0.88      0.88     44291
SearchScreeningEvent       0.95      0.91      0.93     44342

         avg / total       0.95      0.95      0.95    313846
