EXTRACTED INFO

confusion_matrix
[[42510    21   153   516    18   244    35]
 [   13 39812   483     3   283   690   153]
 [    8   551 45456    19   156   729   377]
 [  720    20    84 45753    63  1388    65]
 [   41   368   264    12 45380    73    41]
 [   86   738  1267  2377   111 38716  1763]
 [   24   184   918   100    58  2755 38137]]

score means
[ 0.94235669  0.91592357  0.93089172  0.94694791  0.92324841  0.93853503
  0.93630573  0.93991691  0.93726115  0.95254777  0.92579618  0.93949045
  0.94055609  0.94968153  0.92649409  0.92233941  0.94904459  0.93503185
  0.9388535   0.93694268  0.9388535   0.94745223  0.93471338  0.95031847
  0.96146497  0.93853503  0.9544586   0.94585987  0.92707006  0.95302013
  0.94649682  0.95206136  0.95206136  0.94936306  0.93853503  0.96210191
  0.94745223  0.94171975  0.93503185  0.95955414  0.93216561  0.93512304
  0.93789809  0.94854586  0.94171975  0.94808917  0.91624204  0.94694791
  0.93927772  0.93949045  0.936721    0.93821656  0.94745223  0.95191083
  0.93630573  0.93160754  0.95127389  0.94649682  0.95159236  0.9433121
  0.94394904  0.95923567  0.9455414   0.93566879  0.94840764  0.95159236
  0.93789809  0.9410828   0.96612336  0.9366242   0.94745223  0.95254777
  0.94267516  0.92547771  0.95206136  0.93544263  0.94215404  0.93375796
  0.92197452  0.94854586  0.94247363  0.92929936  0.95159236  0.950783
  0.9633758   0.95685523  0.94649682  0.92675159  0.94713376  0.94681529
  0.95621604  0.93640141  0.93630573  0.95286624  0.95605096  0.93343949
  0.94299363  0.94840764  0.94840764  0.94617834]
average score
0.9427173421841701
score std
0.010125379032193002

execution times
[  51.78263927   48.72324729   66.15326691   58.72242403   89.28713989
   45.83606887   63.49780726   74.57912803   55.48135304   71.14212894
   58.2424283    52.54538918   53.45641208   52.81122041   57.00195789
   48.55817175   52.73169088   67.10299301   60.81265306   43.47399187
   67.095469     56.01543903   67.22646689   60.86695385   65.78090811
   69.4623692    71.18631601   54.96039915   43.21342897  102.99552894
   58.15534592   91.96909094   93.86087799   69.9795022    69.72478414
   65.71224403   63.53854799   79.00645089   53.76297116   50.12593794
   46.68167114   50.08442497   58.44202709   63.425354     57.54639888
   70.14793682   63.02659297   64.090698     55.73993802   52.67433
   78.21540093   47.25590491   50.74348164   40.89313293   45.9465363
   62.25075388   68.69600415   58.74695969   57.61870384   47.59733391
   53.5556848    50.68881512   57.72500014   65.71169591   84.57540298
   64.2313931    65.82286716   76.00294089   60.25452805   78.46541214
   55.68247104   50.74875498   57.63034296   46.56980681   53.84626412
   62.75764489   54.91035318   67.27758694   40.79307389   74.2143023
   68.12596202   77.32737517   69.37180495   74.60837412   70.28712296
   84.39169884   64.58757997   47.031286     52.25402403   74.368855
   51.15812302   88.37600899   47.55203605   67.29908204   47.84530878
   64.79804301   84.26141214   50.613657     66.72404504   50.15647697]
average time
61.890073459148404
time std
12.488863698471697

                      precision    recall  f1-score   support

       AddToPlaylist       0.98      0.98      0.98     43497
      BookRestaurant       0.95      0.96      0.96     41437
          GetWeather       0.93      0.96      0.95     47296
           PlayMusic       0.94      0.95      0.94     48093
            RateBook       0.99      0.98      0.98     46179
  SearchCreativeWork       0.87      0.86      0.86     45058
SearchScreeningEvent       0.94      0.90      0.92     42176

         avg / total       0.94      0.94      0.94    313736
