EXTRACTED INFO

confusion_matrix
[[42842   153   252   654    23   254   104]
 [  175 45679   722    29   345   501   267]
 [   75   477 42416    33   185   254   244]
 [  766    55   274 47300    85   976   207]
 [   25   303   155    24 43388    57    49]
 [  146   382   830  1914    36 38072   849]
 [   52   211   934   142    62  1918 38950]]

score means
[ 0.94471077  0.93471338  0.95286624  0.9566879   0.95286624  0.95509554
  0.93853503  0.95796178  0.95        0.95636943  0.9589172   0.94758709
  0.95286624  0.96082803  0.9589172   0.9477707   0.9633758   0.9566879
  0.94087568  0.950783    0.95541401  0.94585987  0.9544586   0.93535032
  0.95764331  0.95955414  0.95541401  0.92929936  0.9522293   0.96942675
  0.95636943  0.95        0.964845    0.95509554  0.9522293   0.94840764
  0.95605096  0.94808917  0.94407159  0.9433121   0.9366242   0.95
  0.96433121  0.9522293   0.94713376  0.93471338  0.94840764  0.94076433
  0.95095541  0.95923567  0.94617834  0.93980892  0.96082803  0.95509554
  0.95605096  0.9472675   0.9433121   0.94490446  0.95605096  0.94822627
  0.94745223  0.95        0.96146497  0.95541401  0.95477707  0.9544586
  0.96324704  0.95557686  0.96592357  0.95636943  0.9566879   0.9477707
  0.95254777  0.95142218  0.9455414   0.94235669  0.94458599  0.93630573
  0.95636943  0.95350318  0.95685523  0.96196868  0.95605096  0.96273885
  0.95909236  0.94904459  0.94426752  0.95796178  0.94968153  0.95955414
  0.9433121   0.95        0.95        0.96305732  0.94681529  0.94745223
  0.94936306  0.94394904  0.9433121   0.95732484]
average score
0.9515722987951221
score std
0.007740183085261702

execution times
[ 142.37762594  125.87667298  145.62442803  191.03789639  171.31858921
  147.05646515  148.78709888  157.8018322   135.98860121  174.23020196
  225.02147317  209.76229405  162.9392159   157.95230174  163.00237012
  147.53916502  219.58189487  199.82227206  176.34861994  149.68545389
  170.47216702  137.42400908  141.99208093  121.59187293  137.01641273
  168.63727999  153.37463117  136.16204286  115.76501608  207.27861214
  175.62826014  182.19399309  214.27519894  176.78218412  184.70061111
  114.37180305  139.89020586  133.77206087  145.55489683  130.32853603
  187.87069297  213.67124987  146.29810095  203.4783051   129.61472201
  143.07557178  150.04059911  122.41044807  199.31771231  139.37312102
  160.24470615  157.09844899  120.03642392  138.94242263  117.01948214
  188.50459409  140.39279222  128.50332499  192.838135    161.00961828
  128.13719916  138.52338481  178.6986742   158.33594966  147.88605905
  149.18972301  111.49982977  126.71909189  147.51815605  125.03462195
  167.88466525  137.55140781  180.90693116  161.89909697  163.46228504
  207.81075311  140.14031625  212.0152142   134.46542716   99.34427118
  161.8413167   150.08171272  156.22077203  220.06628323  151.12750602
  150.88638091  149.99540901  135.31135821  131.6571703   137.33439398
  189.21452379  121.24483514  153.39721704  149.29636717  140.85857105
  148.62136316  123.521631    120.232656    181.03612494  108.90652966]
average time
155.76581999063492
time std
28.50588837560339

                      precision    recall  f1-score   support

       AddToPlaylist       0.97      0.97      0.97     44282
      BookRestaurant       0.97      0.96      0.96     47718
          GetWeather       0.93      0.97      0.95     43684
           PlayMusic       0.94      0.95      0.95     49663
            RateBook       0.98      0.99      0.98     44001
  SearchCreativeWork       0.91      0.90      0.90     42229
SearchScreeningEvent       0.96      0.92      0.94     42269

         avg / total       0.95      0.95      0.95    313846
