EXTRACTED INFO

confusion_matrix
[[185   0   0   0   0 204   0 107   0   0   0   0]
 [  0   0   0   0   0  65   0  38   0   0   0   0]
 [  0   0   0   0   0 102   0   0   0   0   0   0]
 [  0   0   0   0   0 170   0   6   0   0   0   0]
 [  7   0   0   0   0 159   0   4   0   0   0   0]
 [ 42   0   0   0   0 709   0  52   0   0   0   0]
 [  0   0   0   0   0  90   0   1   0   0   0   0]
 [119   0   0   0   0 402   0 263   0   0   0   0]
 [  0   0   0   0   0  76   0   1   0   0   0   0]
 [  0   0   0   0   0  49   0  15   0   0   0   0]
 [  0   0   0   0   0  82   0   2   0   0   0   0]
 [  0   0   0   0   0  50   0   0   0   0   0   0]]

score means
[ 0.33333333  0.2         0.4         0.36666667  0.43333333  0.4
  0.43333333  0.26666667  0.4         0.5         0.63333333  0.36666667
  0.43333333  0.23333333  0.36666667  0.23333333  0.56666667  0.26666667
  0.36666667  0.43333333  0.33333333  0.2         0.33333333  0.5
  0.23333333  0.43333333  0.3         0.36666667  0.43333333  0.4
  0.33333333  0.33333333  0.26666667  0.4         0.33333333  0.43333333
  0.36666667  0.3         0.36666667  0.33333333  0.36666667  0.46666667
  0.33333333  0.3         0.33333333  0.3         0.5         0.46666667
  0.43333333  0.33333333  0.36666667  0.36666667  0.46666667  0.56666667
  0.3         0.23333333  0.16666667  0.26666667  0.4         0.36666667
  0.36666667  0.46666667  0.46666667  0.46666667  0.36666667  0.46666667
  0.33333333  0.26666667  0.2         0.46666667  0.46666667  0.5
  0.36666667  0.26666667  0.26666667  0.43333333  0.36666667  0.36666667
  0.43333333  0.43333333  0.4         0.53333333  0.33333333  0.4
  0.26666667  0.43333333  0.33333333  0.4         0.63333333  0.36666667
  0.6         0.46666667  0.26666667  0.6         0.43333333  0.4
  0.53333333  0.6         0.33333333  0.5       ]
average score
0.3856666666666667
score std
0.0992477259745084

execution times
[ 0.00736213  0.00753689  0.00755215  0.01074576  0.00822401  0.00887609
  0.0072608   0.00729322  0.0076251   0.00716209  0.00782895  0.01336694
  0.00703216  0.00730014  0.0071919   0.00740099  0.00992703  0.01067495
  0.01018524  0.00723815  0.00867605  0.00721097  0.00720716  0.0081563
  0.00996971  0.0076611   0.00742006  0.00929689  0.00731492  0.00721884
  0.00893784  0.00756192  0.0087111   0.007236    0.00726986  0.00884318
  0.00714707  0.00740504  0.00885892  0.00804591  0.00895524  0.00723815
  0.00788593  0.00933218  0.00781798  0.0071981   0.0072      0.00731683
  0.00763583  0.00803018  0.00719786  0.00720286  0.00885391  0.00740886
  0.00751805  0.007128    0.00724506  0.00862479  0.00722122  0.00938606
  0.00724983  0.00847602  0.00950003  0.00730872  0.00821781  0.00875592
  0.01194596  0.01100802  0.0110929   0.00856113  0.01039481  0.00919795
  0.0087049   0.00980902  0.00893903  0.00973487  0.00883579  0.00962472
  0.00737691  0.00780988  0.00728822  0.00730276  0.00739408  0.00979805
  0.00752735  0.00724816  0.00725508  0.00738788  0.00875616  0.00742292
  0.00761008  0.00725722  0.00719905  0.00726891  0.00724983  0.01061726
  0.008394    0.00849581  0.00721884  0.00828695]
average time
0.008238534927368164
time std
0.0012401289034402944

             precision    recall  f1-score   support

        add       0.52      0.37      0.44       496
        bad       0.00      0.00      0.00       103
        bye       0.00      0.00      0.00       102
     cancel       0.00      0.00      0.00       176
     delete       0.00      0.00      0.00       170
        get       0.33      0.88      0.48       803
   greeting       0.00      0.00      0.00        91
       help       0.54      0.34      0.41       784
         ok       0.00      0.00      0.00        77
  saymyname       0.00      0.00      0.00        64
     thanks       0.00      0.00      0.00        84
    welcome       0.00      0.00      0.00        50

avg / total       0.32      0.39      0.31      3000
