EXTRACTED INFO

confusion_matrix
[[155   0   0   0   0 337   0  31   0   0   0   0]
 [  2   0   0   0   0 105   0   1   0   0   0   0]
 [  0   0   0   0   0  98   0   2   0   0   0   0]
 [  1   0   0   0   0 155   0   2   0   0   0   0]
 [ 24   0   0   0   0 127   0   2   0   0   0   0]
 [ 42   0   0   0   0 749   0  14   0   0   0   0]
 [  0   0   0   0   0 126   0   0   0   0   0   0]
 [ 73   0   0   0   0 529   0 142   0   0   0   0]
 [  2   0   0   0   0  81   0   1   0   0   0   0]
 [  0   0   0   0   0  67   0   1   0   0   0   0]
 [  0   0   0   0   0  73   0   1   0   0   0   0]
 [  2   0   0   0   0  54   0   1   0   0   0   0]]

score means
[ 0.46666667  0.4         0.33333333  0.4         0.6         0.4         0.5
  0.26666667  0.13333333  0.53333333  0.43333333  0.36666667  0.56666667
  0.43333333  0.36666667  0.6         0.26666667  0.4         0.16666667
  0.4         0.33333333  0.36666667  0.46666667  0.3         0.2
  0.46666667  0.26666667  0.33333333  0.4         0.36666667  0.4         0.3
  0.53333333  0.36666667  0.26666667  0.3         0.4         0.4
  0.46666667  0.33333333  0.3         0.26666667  0.2         0.23333333
  0.5         0.26666667  0.4         0.46666667  0.5         0.53333333
  0.5         0.3         0.36666667  0.4         0.16666667  0.13333333
  0.26666667  0.23333333  0.2         0.43333333  0.23333333  0.3         0.3
  0.36666667  0.6         0.2         0.3         0.23333333  0.2
  0.23333333  0.4         0.36666667  0.33333333  0.23333333  0.4
  0.36666667  0.43333333  0.16666667  0.36666667  0.23333333  0.56666667
  0.23333333  0.23333333  0.36666667  0.33333333  0.3         0.23333333
  0.4         0.43333333  0.26666667  0.3         0.26666667  0.63333333
  0.36666667  0.4         0.13333333  0.36666667  0.3         0.3         0.2       ]
average score
0.3486666666666667
score std
0.11415583890259647

execution times
[ 0.00892377  0.00877905  0.0109508   0.01047802  0.00875187  0.01097965
  0.00873709  0.00870609  0.00890708  0.01143599  0.00848722  0.00887442
  0.00879693  0.00877118  0.00887799  0.00883818  0.00873017  0.01098514
  0.00880003  0.00881314  0.00871825  0.00876808  0.00874782  0.01025486
  0.00882769  0.00881195  0.00874424  0.00868011  0.01108193  0.00879002
  0.00892305  0.01471376  0.00876689  0.00948787  0.00961781  0.01087713
  0.0101819   0.00956106  0.00904083  0.00875211  0.01068687  0.00896001
  0.00936389  0.00972104  0.00959587  0.01070905  0.01100993  0.00917506
  0.01086211  0.00905085  0.01148891  0.01065493  0.00953436  0.00874209
  0.01164317  0.00936604  0.00983286  0.0109489   0.01057482  0.01095295
  0.00895214  0.00865221  0.00872207  0.00899315  0.00890899  0.01097703
  0.00893784  0.01078415  0.01121211  0.00868201  0.01084805  0.00928593
  0.00864887  0.01053882  0.01044202  0.00884819  0.00897121  0.00876594
  0.01088786  0.00929618  0.01123118  0.01100898  0.00887299  0.0106802
  0.00885105  0.01024413  0.00900197  0.01097798  0.00883937  0.00879908
  0.00993419  0.01033711  0.01190305  0.0089438   0.01490498  0.01379013
  0.00986791  0.01969099  0.01160598  0.01318598]
average time
0.00994870662689209
time std
0.0016337248857857597

             precision    recall  f1-score   support

        add       0.51      0.30      0.38       523
        bad       0.00      0.00      0.00       108
        bye       0.00      0.00      0.00       100
     cancel       0.00      0.00      0.00       158
     delete       0.00      0.00      0.00       153
        get       0.30      0.93      0.45       805
   greeting       0.00      0.00      0.00       126
       help       0.72      0.19      0.30       744
         ok       0.00      0.00      0.00        84
  saymyname       0.00      0.00      0.00        68
     thanks       0.00      0.00      0.00        74
    welcome       0.00      0.00      0.00        57

avg / total       0.35      0.35      0.26      3000
