EXTRACTED INFO

confusion_matrix
[[ 77   0   0   0   0 407   0  41   0   0   0   0]
 [  3   0   0   0   0 105   0   1   0   0   0   0]
 [  0   0   0   0   0 105   0   2   0   0   0   0]
 [  0   0   0   0   0 177   0   2   0   0   0   0]
 [  0   0   0   0   0 157   0   0   0   0   0   0]
 [ 13   0   0   0   0 763   0  22   0   0   0   0]
 [  0   0   0   0   0 107   0   1   0   0   0   0]
 [ 36   0   0   0   0 620   0  84   0   0   0   0]
 [  0   0   0   0   0  77   0   1   0   0   0   0]
 [  0   0   0   0   0  64   0   0   0   0   0   0]
 [  0   0   0   0   0  73   0   1   0   0   0   0]
 [  0   0   0   0   0  61   0   0   0   0   0   0]]

score means
[ 0.36666667  0.26666667  0.3         0.13333333  0.36666667  0.33333333
  0.33333333  0.3         0.4         0.46666667  0.46666667  0.36666667
  0.16666667  0.3         0.13333333  0.26666667  0.23333333  0.36666667
  0.13333333  0.23333333  0.2         0.3         0.3         0.33333333
  0.26666667  0.4         0.4         0.36666667  0.2         0.43333333
  0.3         0.43333333  0.2         0.26666667  0.36666667  0.2
  0.16666667  0.4         0.23333333  0.43333333  0.36666667  0.46666667
  0.2         0.3         0.1         0.3         0.2         0.23333333
  0.23333333  0.1         0.3         0.33333333  0.4         0.33333333
  0.33333333  0.3         0.26666667  0.3         0.16666667  0.36666667
  0.23333333  0.6         0.3         0.2         0.06666667  0.26666667
  0.46666667  0.23333333  0.26666667  0.23333333  0.43333333  0.33333333
  0.33333333  0.26666667  0.4         0.46666667  0.46666667  0.3         0.5
  0.2         0.26666667  0.3         0.23333333  0.4         0.36666667
  0.4         0.4         0.33333333  0.33333333  0.2         0.26666667
  0.26666667  0.4         0.3         0.36666667  0.33333333  0.26666667
  0.2         0.56666667  0.3       ]
average score
0.308
score std
0.10067770358922576

execution times
[ 0.01006007  0.00789499  0.01028872  0.010113    0.01007509  0.0124228
  0.01017189  0.01040602  0.00872183  0.01026201  0.00949788  0.01006508
  0.00834084  0.00993323  0.00849199  0.00824428  0.00789976  0.0102489
  0.01033783  0.01020074  0.01048994  0.00809121  0.00842786  0.01023984
  0.00828886  0.01014614  0.01014018  0.01031327  0.00851989  0.01022696
  0.01034713  0.01018119  0.00833511  0.01021886  0.00806308  0.00971889
  0.00890923  0.01008987  0.01010323  0.0082283   0.01011133  0.00994706
  0.01017118  0.01014328  0.01020002  0.01018715  0.01047802  0.00816607
  0.01015615  0.0099349   0.01023793  0.01048279  0.01020694  0.00806665
  0.00880003  0.00826502  0.01019812  0.01013303  0.00809503  0.00833797
  0.00809073  0.01004529  0.01026368  0.01030993  0.00820518  0.00997496
  0.00821209  0.00852084  0.0101819   0.01011181  0.01030707  0.00886202
  0.01025176  0.00816202  0.01011109  0.00969195  0.01013279  0.00820088
  0.0102489   0.01016426  0.010041    0.01026106  0.00805664  0.01009369
  0.00814176  0.01014614  0.01009011  0.00806785  0.01024723  0.00806403
  0.01019382  0.01019406  0.01028991  0.01451683  0.01012993  0.00919914
  0.0104692   0.00808001  0.01103091  0.01015997]
average time
0.00962597131729126
time std
0.0010712342832375741

             precision    recall  f1-score   support

        add       0.60      0.15      0.24       525
        bad       0.00      0.00      0.00       109
        bye       0.00      0.00      0.00       107
     cancel       0.00      0.00      0.00       179
     delete       0.00      0.00      0.00       157
        get       0.28      0.96      0.43       798
   greeting       0.00      0.00      0.00       108
       help       0.54      0.11      0.19       740
         ok       0.00      0.00      0.00        78
  saymyname       0.00      0.00      0.00        64
     thanks       0.00      0.00      0.00        74
    welcome       0.00      0.00      0.00        61

avg / total       0.31      0.31      0.20      3000
