EXTRACTED INFO

confusion_matrix
[[262   0  13  30  41  12   0  22  93   0   0  19]
 [  0  12   7  21  12   0   0   0  50   0   0   6]
 [  0   0  32   7   7   0   0   0  64   0   0   4]
 [  0   0   5  68  12   0   0   0  75   0   0  15]
 [ 30   0   0  14  20   0   0   0  82   0   0  19]
 [118   0  12  68  51 292   0   8 221   0   0  29]
 [  0   0   0   6   9   0  46   0  45   0   0   0]
 [ 89   0   8  26  46  45   0 313 173   0   0  19]
 [  0   0  14  11   9   0   0   0  47   0   0  12]
 [  0   0   1  13   7   0   0   0  20  15   0   2]
 [  0   0   3  26  14   0   0   0  46   0   5   3]
 [  0   0   1  15   7   0   0   0  32   0   0  19]]

score means
[ 0.36666667  0.4         0.3         0.36666667  0.4         0.4         0.5
  0.43333333  0.56666667  0.36666667  0.3         0.33333333  0.33333333
  0.43333333  0.4         0.26666667  0.43333333  0.53333333  0.36666667
  0.4         0.33333333  0.6         0.3         0.4         0.4         0.5
  0.5         0.4         0.43333333  0.4         0.3         0.33333333
  0.43333333  0.3         0.26666667  0.33333333  0.46666667  0.46666667
  0.36666667  0.5         0.43333333  0.23333333  0.36666667  0.6
  0.33333333  0.36666667  0.46666667  0.36666667  0.26666667  0.43333333
  0.2         0.43333333  0.23333333  0.4         0.2         0.3
  0.26666667  0.26666667  0.43333333  0.33333333  0.5         0.4
  0.43333333  0.3         0.33333333  0.36666667  0.46666667  0.36666667
  0.43333333  0.33333333  0.4         0.33333333  0.33333333  0.26666667
  0.43333333  0.3         0.23333333  0.3         0.36666667  0.33333333
  0.46666667  0.43333333  0.63333333  0.4         0.36666667  0.43333333
  0.5         0.33333333  0.36666667  0.3         0.4         0.43333333
  0.36666667  0.26666667  0.26666667  0.26666667  0.26666667  0.3         0.4
  0.4       ]
average score
0.37699999999999995
score std
0.08662755527736733

execution times
[ 0.03281093  0.03274512  0.03533792  0.03427315  0.03604126  0.03233075
  0.03025818  0.03311706  0.03132892  0.08774972  0.02914     0.03088737
  0.03363609  0.03528094  0.02816892  0.03442311  0.03600192  0.05420709
  0.04516673  0.0409019   0.05545306  0.03336     0.02983189  0.03525496
  0.02543592  0.02392697  0.0327661   0.03148699  0.03103399  0.02818084
  0.03090501  0.03221297  0.03172207  0.03415895  0.03051114  0.03441691
  0.02515101  0.03407311  0.03613782  0.03147006  0.042032    0.03428674
  0.03368807  0.03217196  0.03264999  0.02870297  0.02873015  0.03157687
  0.03432298  0.03048396  0.03666306  0.03964996  0.02773404  0.03043985
  0.03392887  0.03107691  0.03404808  0.06841087  0.0317018   0.02901077
  0.02887106  0.03181314  0.03272223  0.03195477  0.03096414  0.02732682
  0.03329396  0.02966714  0.02910399  0.02709389  0.03595185  0.03204322
  0.02940512  0.03181839  0.03328109  0.03849411  0.02878118  0.03010917
  0.02994585  0.03076124  0.02893806  0.0305481   0.03121734  0.03158927
  0.02989697  0.03047895  0.03016305  0.02931094  0.028198    0.03036499
  0.03055835  0.03169107  0.03370214  0.03166008  0.04959583  0.03424478
  0.03154731  0.03220606  0.0331409   0.03013682]
average time
0.033551981449127195
time std
0.008123352094715383

             precision    recall  f1-score   support

        add       0.53      0.53      0.53       492
        bad       1.00      0.11      0.20       108
        bye       0.33      0.28      0.30       114
     cancel       0.22      0.39      0.28       175
     delete       0.09      0.12      0.10       165
        get       0.84      0.37      0.51       799
   greeting       1.00      0.43      0.61       106
       help       0.91      0.44      0.59       719
         ok       0.05      0.51      0.09        93
  saymyname       1.00      0.26      0.41        58
     thanks       1.00      0.05      0.10        97
    welcome       0.13      0.26      0.17        74

avg / total       0.69      0.38      0.44      3000
