EXTRACTED INFO

confusion_matrix
[[  0   0   0   0   3  21   0  31   0   3   2   0]
 [  0   0   0   1   0   0   0   0   0  42  41   2]
 [  0   0   0   0   0   0   0   0  19  15  31   0]
 [  0  25   0   0  17   0   0   0   0  36  68   0]
 [ 18   0   0   0   0   0   0   0   0  21  47   0]
 [219   0   0  11  48   0  13  47   0  58 101   0]
 [  0   0   0   0   0   2   0   0   0  15  24   0]
 [233   0   0   3  14  51   0   0   0  29  52   0]
 [  0   0  10   0   0   0   0   0   0  16  45   0]
 [  0  13   0   0   0   0   0   0   0   0  20   0]
 [  0   0   0   0   0   0   0   0   0   6   0   0]
 [  0  20   0   0   0  24   0   0   0  10   3   0]]

means
[ 0.4         0.46666667  0.6         0.46666667  0.43333333  0.6         0.5
  0.53333333  0.4         0.53333333  0.46666667  0.53333333  0.46666667
  0.63333333  0.46666667  0.43333333  0.4         0.5         0.5         0.4
  0.56666667  0.5         0.46666667  0.33333333  0.46666667  0.43333333
  0.6         0.43333333  0.5         0.53333333  0.4         0.5         0.5
  0.53333333  0.46666667  0.66666667  0.3         0.53333333  0.63333333
  0.43333333  0.43333333  0.5         0.5         0.6         0.56666667
  0.53333333  0.36666667  0.36666667  0.46666667  0.4         0.63333333
  0.43333333  0.53333333  0.56666667  0.63333333  0.53333333  0.5
  0.43333333  0.63333333  0.56666667  0.3         0.53333333  0.5         0.6
  0.46666667  0.4         0.46666667  0.43333333  0.43333333  0.4
  0.43333333  0.3         0.4         0.4         0.33333333  0.46666667
  0.46666667  0.6         0.5         0.5         0.56666667  0.46666667
  0.53333333  0.53333333  0.4         0.43333333  0.56666667  0.5         0.6
  0.5         0.63333333  0.43333333  0.46666667  0.4         0.6         0.6
  0.6         0.46666667  0.56666667  0.46666667]

average
0.49

std
0.082259751195
