EXTRACTED INFO

confusion_matrix
[[249   0  19  39  14  15   0  35 145   0  99   0]
 [  0  15  14   9   6   0   0   0  45   0  22   0]
 [  0   0  15  13   5   0   0   0  48   0  28   0]
 [  0   0   7  38   9   0   0   0  81   0  37   0]
 [  0   0  11  21  14   0   0   0  40   0  34   0]
 [ 73   0  64  58  25 148   0  10 278   0 164   0]
 [  0   0   3  11   8   0   7   0  48   0  22   0]
 [ 53   0  44  44  15  11   0 138 201   0 145   0]
 [  0   0   8  10   6   0   0   0  19   0  38   0]
 [  0   0   8   7   1   0   0   0  28  11  16   0]
 [  0   0   7  21   6   0   0   0  43   0  11   0]
 [  0   0   4   5   9   0   0   0  25   0  20   0]]

score means
[ 0.1         0.26666667  0.26666667  0.1         0.16666667  0.16666667
  0.13333333  0.36666667  0.13333333  0.23333333  0.23333333  0.23333333
  0.36666667  0.16666667  0.16666667  0.23333333  0.1         0.13333333
  0.43333333  0.23333333  0.23333333  0.23333333  0.13333333  0.3
  0.16666667  0.16666667  0.26666667  0.36666667  0.2         0.3
  0.23333333  0.3         0.26666667  0.26666667  0.3         0.26666667
  0.26666667  0.16666667  0.13333333  0.3         0.13333333  0.16666667
  0.13333333  0.16666667  0.26666667  0.4         0.36666667  0.2         0.1
  0.16666667  0.1         0.06666667  0.23333333  0.26666667  0.23333333
  0.23333333  0.23333333  0.23333333  0.33333333  0.13333333  0.2
  0.23333333  0.33333333  0.3         0.2         0.16666667  0.26666667
  0.1         0.26666667  0.26666667  0.1         0.26666667  0.16666667
  0.13333333  0.13333333  0.23333333  0.33333333  0.23333333  0.1
  0.36666667  0.2         0.2         0.2         0.23333333  0.3         0.1
  0.16666667  0.26666667  0.2         0.23333333  0.2         0.16666667
  0.23333333  0.26666667  0.16666667  0.4         0.26666667  0.33333333
  0.2         0.16666667]
average score
0.22166666666666668
score std
0.07935503904744941

execution times
[ 0.02535105  0.0240202   0.02392483  0.02578592  0.02758789  0.02397394
  0.02489996  0.02472401  0.02511692  0.02621484  0.0238111   0.02532506
  0.02252984  0.02440286  0.02477622  0.0247848   0.02465105  0.02460217
  0.02293587  0.02941012  0.02504396  0.02459788  0.02773118  0.02708197
  0.02455306  0.02613401  0.02458096  0.02666879  0.02391696  0.02650499
  0.02517295  0.02603579  0.02810645  0.02506971  0.02452922  0.02456403
  0.02486801  0.02482891  0.02486801  0.02543902  0.03021097  0.02716374
  0.02472901  0.03092623  0.02415991  0.02455401  0.02498198  0.02479386
  0.02778983  0.02678823  0.02339888  0.02402782  0.02710414  0.02513003
  0.02566791  0.02389312  0.02778697  0.02557898  0.02523303  0.0243609
  0.02480412  0.02469897  0.02467203  0.024652    0.0265429   0.02509904
  0.023278    0.02441192  0.02413392  0.02463484  0.02507401  0.02674317
  0.02456403  0.02298427  0.03074002  0.02487922  0.02510381  0.03147912
  0.02469301  0.02814698  0.024405    0.02764416  0.02491403  0.02678895
  0.02730274  0.02445912  0.02756977  0.02866578  0.02500772  0.02427006
  0.02885389  0.02446699  0.02444196  0.02535081  0.02463293  0.02503705
  0.02533507  0.02489018  0.02452588  0.02478886]
average time
0.025520904064178465
time std
0.0017249390655251014

             precision    recall  f1-score   support

        add       0.66      0.40      0.50       615
        bad       1.00      0.14      0.24       111
        bye       0.07      0.14      0.10       109
     cancel       0.14      0.22      0.17       172
     delete       0.12      0.12      0.12       120
        get       0.85      0.18      0.30       820
   greeting       1.00      0.07      0.13        99
       help       0.75      0.21      0.33       651
         ok       0.02      0.23      0.04        81
  saymyname       1.00      0.15      0.27        71
     thanks       0.02      0.12      0.03        88
    welcome       0.00      0.00      0.00        63

avg / total       0.64      0.22      0.30      3000
