EXTRACTED INFO

confusion_matrix
[[  0   0   0   0   0 240   0  45   0   0   0   0]
 [  4   0   0  16  10  54   0   4   0   0   0   0]
 [  1   0   0   0   0  96   0   2   0   0   0   0]
 [  0   0   0   0   0 137   0  13   0   0   0   0]
 [ 39   0   0   0   0  82   0  14   0   0   0   0]
 [ 54   0   0   0   0   0   0  63   0   0   0   0]
 [  0   0   0   0   0  98   0   2   0   0   0   0]
 [125   0   0   5   0 311   0   0   0   0   0   0]
 [  0   0   0   0   0  82   0  16   0   0   0   0]
 [  1   0   0   0   0  66   0   0   0   0   0   0]
 [  0   0   0   0   0  69   0   4   0   0   0   0]
 [  0   0   0   0   0  60   0   6   0   0   0   0]]

means
[ 0.4         0.26666667  0.43333333  0.36666667  0.23333333  0.46666667
  0.26666667  0.43333333  0.46666667  0.5         0.46666667  0.46666667
  0.36666667  0.6         0.33333333  0.46666667  0.4         0.46666667
  0.46666667  0.33333333  0.43333333  0.4         0.36666667  0.56666667
  0.43333333  0.4         0.5         0.43333333  0.33333333  0.46666667
  0.23333333  0.4         0.56666667  0.3         0.5         0.46666667
  0.53333333  0.4         0.2         0.46666667  0.43333333  0.36666667
  0.4         0.46666667  0.3         0.63333333  0.26666667  0.56666667
  0.53333333  0.63333333  0.4         0.56666667  0.23333333  0.43333333
  0.3         0.33333333  0.43333333  0.46666667  0.4         0.4         0.5
  0.43333333  0.4         0.33333333  0.53333333  0.53333333  0.46666667
  0.36666667  0.56666667  0.5         0.36666667  0.66666667  0.63333333
  0.33333333  0.4         0.36666667  0.46666667  0.4         0.53333333
  0.26666667  0.56666667  0.4         0.4         0.46666667  0.46666667
  0.46666667  0.43333333  0.5         0.36666667  0.4         0.33333333
  0.3         0.26666667  0.36666667  0.4         0.4         0.46666667
  0.46666667  0.56666667  0.43333333]

average
0.427

std
0.0966890778619
