EXTRACTED INFO

confusion_matrix
[[363   0   0   0   0  78   0 110   0   0   0   0]
 [  0  13   0   2   0  57   0  36   0   0   0   0]
 [  0   0   9   0   0  71   0   2  13   0   0   0]
 [  0   0   0   4   0 136   0   8   0   0   0   0]
 [ 36   0   0   0   2 104   0   5   0   0   0   0]
 [ 87   0   0   0   0 666   2  89   0   0   0   0]
 [  0   0   0   0   0  76  18   0   0   0   0   0]
 [201   0   0   1   0 174   0 359   0   0   0   0]
 [  0   0  18   0   0  67   0   3   3   0   0   0]
 [  0   0   0   0   0  38   0  30   0   0   0   0]
 [  0   0   0   0   0  60   0   3   0   0   0   0]
 [  0   0   0   0   0  55   0   1   0   0   0   0]]

score means
[ 0.43333333  0.36666667  0.36666667  0.36666667  0.53333333  0.5
  0.43333333  0.46666667  0.53333333  0.36666667  0.56666667  0.3         0.6
  0.4         0.46666667  0.5         0.4         0.53333333  0.36666667
  0.3         0.43333333  0.6         0.53333333  0.63333333  0.6         0.5
  0.53333333  0.53333333  0.46666667  0.53333333  0.46666667  0.53333333
  0.56666667  0.46666667  0.46666667  0.4         0.46666667  0.66666667
  0.33333333  0.7         0.46666667  0.26666667  0.63333333  0.36666667
  0.53333333  0.46666667  0.5         0.4         0.5         0.5
  0.43333333  0.43333333  0.5         0.3         0.33333333  0.53333333
  0.5         0.43333333  0.36666667  0.46666667  0.6         0.36666667
  0.5         0.43333333  0.5         0.56666667  0.43333333  0.7
  0.46666667  0.6         0.36666667  0.56666667  0.56666667  0.63333333
  0.46666667  0.3         0.3         0.5         0.6         0.6
  0.53333333  0.43333333  0.56666667  0.5         0.5         0.76666667
  0.26666667  0.43333333  0.43333333  0.43333333  0.4         0.43333333
  0.36666667  0.53333333  0.43333333  0.43333333  0.63333333  0.43333333
  0.6         0.53333333]
average score
0.4789999999999999
score std
0.10018372012347004

execution times
[ 0.00441003  0.00524902  0.00584006  0.00456309  0.00452089  0.00444603
  0.00452304  0.00520587  0.00453997  0.00463891  0.006531    0.00453401
  0.00613093  0.00549197  0.00623822  0.00479722  0.00449419  0.0045929
  0.00437689  0.00657701  0.00459599  0.00510216  0.0044632   0.00585604
  0.00453591  0.00454116  0.00507498  0.00566006  0.00461197  0.00439286
  0.00455904  0.00458789  0.00454021  0.00494313  0.00445223  0.00472283
  0.00448895  0.00443006  0.00539398  0.00455284  0.00534892  0.00455594
  0.00585485  0.00442696  0.00470495  0.00503111  0.00461507  0.00497317
  0.00452971  0.00469422  0.005898    0.00513196  0.00534678  0.00518513
  0.00447392  0.00459099  0.00447416  0.00474882  0.0044651   0.00513887
  0.00447488  0.00453305  0.00447798  0.00480509  0.00450206  0.00475883
  0.00548601  0.00454092  0.00479198  0.00454307  0.005615    0.00448203
  0.00457287  0.00448012  0.00448298  0.004457    0.00454998  0.00527787
  0.00550675  0.00441694  0.00444913  0.00570893  0.00456905  0.00552106
  0.00451422  0.00527215  0.00469303  0.00500584  0.004421    0.0044291
  0.00449514  0.00462389  0.00442195  0.00468087  0.00467491  0.00453806
  0.00486398  0.00447106  0.00492311  0.0057559 ]
average time
0.0048618316650390625
time std
0.0005165004967062794

             precision    recall  f1-score   support

        add       0.53      0.66      0.59       551
        bad       1.00      0.12      0.21       108
        bye       0.33      0.09      0.15        95
     cancel       0.57      0.03      0.05       148
     delete       1.00      0.01      0.03       147
        get       0.42      0.79      0.55       844
   greeting       0.90      0.19      0.32        94
       help       0.56      0.49      0.52       735
         ok       0.19      0.03      0.06        91
  saymyname       0.00      0.00      0.00        68
     thanks       0.00      0.00      0.00        63
    welcome       0.00      0.00      0.00        56

avg / total       0.51      0.48      0.42      3000
