EXTRACTED INFO

confusion_matrix
[[  0   0   0   0   0 304   0  54   0   0   0   0]
 [  5   0   0   8   0  84   0   4   0   0   0   0]
 [  0   0   0   0   0  95   0   8   0   0   0   0]
 [  1   0   0   0   0 144   0  21   0   0   0   0]
 [  0   0   0   0   0 129   0   9   0   0   0   0]
 [ 29   0   0   0   0   0   0  86   0   0   0   0]
 [  0   0   0   0   0 101   0  10   0   0   0   0]
 [ 78   0   0   0   0 467   0   0   0   0   0   0]
 [  0   0   0   0   0  74   0  12   0   0   0   0]
 [  0   0   0   0   0  78   0   0   0   0   0   0]
 [  0   0   0   0   0  65   0  11   0   0   0   0]
 [  0   0   0   0   0  53   0   7   0   0   0   0]]

means
[ 0.03333333  0.33333333  0.5         0.3         0.33333333  0.23333333
  0.36666667  0.3         0.3         0.43333333  0.26666667  0.3
  0.43333333  0.33333333  0.43333333  0.2         0.4         0.43333333
  0.36666667  0.46666667  0.26666667  0.23333333  0.36666667  0.26666667
  0.33333333  0.3         0.5         0.23333333  0.4         0.5
  0.46666667  0.2         0.33333333  0.53333333  0.36666667  0.33333333
  0.4         0.43333333  0.23333333  0.33333333  0.16666667  0.3
  0.46666667  0.36666667  0.4         0.3         0.33333333  0.56666667
  0.43333333  0.23333333  0.3         0.46666667  0.23333333  0.46666667
  0.46666667  0.3         0.3         0.36666667  0.4         0.43333333
  0.2         0.4         0.26666667  0.46666667  0.26666667  0.3
  0.53333333  0.43333333  0.33333333  0.4         0.3         0.36666667
  0.33333333  0.2         0.4         0.36666667  0.56666667  0.4
  0.33333333  0.23333333  0.36666667  0.4         0.36666667  0.5
  0.56666667  0.4         0.33333333  0.36666667  0.1         0.23333333
  0.4         0.36666667  0.36666667  0.33333333  0.53333333  0.3         0.4
  0.3         0.4         0.2       ]

average
0.354333333333

std
0.100515891502
